578
-278798 -162901 6396
-38174 -249083 13768
39097 -12369 10988
-116236 322749 3593
304761 -289634 6606
198371 -260187 5635
55061 -205187 12352
72483 332735 7966
17650 -137536 8320
-87493 81069 7771
141800 321625 5514
-80241 13347 13232
-303946 -182629 1925
-242794 301366 5226
319908 102563 8216
-286244 220485 11298
-40915 -309911 5889
38495 -260718 2462
-233362 141443 11508
-246050 118251 3355
43801 246930 952
-304272 325399 6843
-66433 -193608 7330
-3748 -124742 4868
-286235 -107422 4264
12189 -218332 1852
-173080 78061 1556
234449 -103755 4315
-325650 264095 6497
328991 -79247 12411
-265947 -313766 9519
200603 -288333 11390
82358 205526 3694
330729 318501 2024
-258302 -187544 9635
285038 104227 12383
-237046 173491 2350
290005 310443 8684
248311 294247 12887
234605 204761 10621
30307 11577 10413
-26432 -292930 5597
4046 259543 11059
11487 64822 2025
285337 245559 12931
-93787 57355 8281
34908 236296 10375
200227 -72290 9079
129279 49262 408
119359 102610 189
-262205 251832 6544
-51280 -280001 5757
-253444 126096 5752
248786 221038 8019
211143 25230 9366
-148654 117293 4184
153729 -99820 9967
-252631 189394 2864
-72845 -277620 7898
-15158 269700 13166
298509 -165561 2493
-266414 -216971 9581
-266170 295343 5480
159876 -31835 11196
-258838 39208 6184
11649 75278 13794
56527 25337 5628
157540 -111666 9040
103228 -26277 12327
-187320 -268125 4332
229509 -299978 12950
-185208 5117 13159
-331968 14967 10993
-244494 114633 4579
-87927 305151 697
202586 -24182 11822
-78452 -69807 10681
308539 -196909 9580
32557 -122214 12798
133784 325932 9730
-232853 34470 3671
-162040 152996 9284
158639 63839 5600
261593 230630 9216
-194219 -132140 9115
-253109 -226947 5194
102255 11783 6017
-226490 219392 8711
20325 15173 7521
-45942 304925 13876
186749 -157529 607
-325320 -276269 4033
285673 -119937 408
-225908 254842 7238
204064 314679 5408
155174 38209 11467
291229 -213656 5000
-317799 23076 5469
-104085 -155000 7334
137933 -17730 11195
-331545 328374 2967
-203499 -240225 1489
-49193 -39681 13872
-115661 -145613 8098
257867 252130 8604
-117933 -254073 295
-148723 -220259 2552
-15116 -197111 8040
-211595 302003 12446
-186865 134244 5648
-218715 240424 2212
-101479 -126777 10194
-63955 -270339 4789
304226 64603 8646
173106 -129312 3849
44956 -166845 2821
138034 139494 11699
-225816 113941 13110
172173 -176108 3682
299796 -232372 7689
-176960 -7802 8512
-190443 -178077 3132
-159913 234146 10377
319710 241331 3395
-332605 251237 6891
-290392 -122259 7282
331316 327076 666
158864 167905 1547
218176 269713 13239
133153 108570 5696
-79030 290665 3139
-191326 19276 10963
-328556 107653 3625
-22721 -151112 11536
-97691 -213471 10021
-285683 -166812 12420
137160 -111369 10645
-50200 130436 12691
265445 126676 5181
-99104 272422 13788
-227899 290793 13650
191505 72018 2161
-160865 21896 9587
-170902 -302052 8520
140491 -288012 10053
-202553 -99317 2058
15498 40659 12394
199494 213809 3207
-13948 -226059 7705
-81393 -319297 12529
-108536 -143074 1471
268777 317832 4524
-80746 -159867 11754
108626 38243 2939
-283799 -221017 5511
-34769 -254396 9718
-126480 -194573 11295
-261166 -119141 11221
158263 -105697 6801
167932 322146 3963
-4915 -71256 9311
276213 -135508 3148
-122019 -148717 3918
-122245 178301 9787
-15772 -262946 10496
-112771 -239956 8520
126130 303049 11337
2844 -195802 11098
-219767 71986 10205
-30099 83419 11830
50178 -17065 8708
296252 305477 3498
121708 212879 6063
25523 -171200 10475
-205219 -268521 12236
45394 20171 8429
-169722 135784 10440
280155 13902 10223
-16585 -52574 8854
150047 256139 11423
-333934 -4397 6126
-201914 -315501 10430
-59716 184393 10888
-313257 -160551 7000
143820 28698 10738
-94709 -73903 3619
88615 211529 6616
-15018 206706 2165
-301874 327974 3481
-150716 -87489 2494
325412 122990 12285
201128 211917 4990
-183427 -152852 11862
65445 -177109 1048
243929 -226277 1263
-98991 215416 9019
162152 -315506 3651
320391 194742 5100
-219972 -333670 5202
164945 -25942 2477
-158247 106620 11071
-186454 -65367 2344
-230185 -188571 8920
-329458 147158 8991
268329 281114 4367
-34952 -188990 2998
264059 260206 1401
326503 -57868 4120
-146313 29629 8865
313990 -143093 3235
84814 310929 11665
3927 198876 4270
-209175 -233693 11810
210878 -324018 11015
-43218 -13298 10437
-127453 249925 2391
323959 -204704 716
-289467 -82365 11696
27001 -29593 6630
311621 -158278 9811
314954 -190639 3387
189754 116663 2357
-83726 -20625 9624
166163 237438 6543
180357 201767 2726
121415 254715 8466
178419 -325296 3629
-6971 219076 6927
56370 76670 9034
79000 -101323 11157
312869 147200 5046
96617 -240852 8736
49016 -99618 9866
107510 190325 10768
-65244 -193392 5622
120181 -172394 12169
-79603 248182 3229
-291608 294662 5249
7960 13115 13255
66056 -84576 10454
310244 -267978 6030
11271 168162 11954
-190349 -282432 11263
-205374 -306837 9880
-172367 227396 3936
13726 108863 2224
51763 329411 7329
50404 -123067 4522
-88409 -35036 2355
333482 193958 3157
-47813 -311694 6095
89082 216766 9274
221688 222276 10730
-243688 199523 13008
-118835 9474 2747
25995 -121649 6250
195467 -105976 9986
-62840 285985 6882
-193665 276293 7550
73223 -115410 3138
321919 -180657 2120
79490 57854 11062
175504 -46265 7578
-256129 97491 10699
-125241 129003 10530
-267851 137317 708
-73174 -155926 5643
-63884 -1167 5013
246371 216024 3466
111765 22236 11350
-251106 -315430 2799
4181 240287 13084
-83829 124199 5543
267946 300373 6032
-105089 138848 6266
-83262 -9616 9606
220062 -106421 11884
-43349 258065 5869
260221 -306198 12350
-164964 -112556 12000
-61294 -199559 13592
-241754 188973 8696
-224499 -255793 13453
76082 332766 485
116300 -39704 163
-17200 160223 12687
-12439 -114332 7909
308321 -51153 5087
-78565 -134296 2984
-303785 -118649 1829
137157 -82977 9104
-41573 -235485 5838
94154 -316023 1460
227958 -174239 1204
196343 203144 8724
75073 -325034 6699
-278176 -297348 9577
-160629 60076 8777
-199240 164676 9677
134043 193728 7573
232799 -14589 9489
-64574 -159154 10471
68827 -24381 4125
-46764 319732 1763
-26643 -224836 12222
247517 -23107 12544
-43294 -241264 4969
106179 -134536 8819
211697 161041 8804
122455 -103066 3041
90325 49799 11033
-207918 -25037 13150
206403 -48233 4961
26516 108649 6443
52363 169454 6338
-319457 226519 11170
121631 -164075 10423
270674 -119796 4843
94424 -19175 9154
75716 -157057 4864
201638 267818 9838
182011 39706 12576
305725 -168826 8470
89939 226811 10851
-198665 90759 11504
126116 295603 12701
-304244 -251650 11211
122812 -264292 12226
333879 141054 4591
-122827 116979 12538
-152345 -258198 3677
140502 -288480 6119
-243450 -101444 13872
23782 99232 4578
-174216 329624 3147
-284793 197121 2279
72992 32318 10837
79286 -124342 10524
328975 -194580 9177
-80817 117301 1606
217461 -137556 8167
-96248 -43547 13800
-73289 -176397 3069
-183560 -302945 12733
-74924 287507 9070
-26495 14634 4106
34446 -246198 811
-173938 -218002 6000
-151821 144423 6033
313770 -26342 12775
-307566 -122202 1732
201817 91417 13769
-324510 252896 3878
-277905 173802 9267
-324801 11457 13212
-197447 39083 4639
-171404 50259 12932
-214063 39464 9491
-116113 -107473 10221
59020 -60973 8402
-258788 28618 4029
-98891 208827 9007
-148790 144921 1755
211573 -34076 1376
301325 -257480 5180
-188243 -201292 7785
281169 -233173 6820
118923 -300575 4694
47786 215402 2982
-321021 303997 7774
239704 -318676 6098
-48862 -168013 3409
-89397 -300597 723
9181 208472 3830
-87906 -333544 12294
310734 221037 7534
124522 161622 8111
133352 126622 9317
148695 115372 7627
152901 -105111 12539
268169 -280594 9654
-240772 -317528 3777
-235319 59767 10657
-329367 -131708 10041
305444 175376 8654
-227828 203750 6171
-250807 300681 1510
186195 243203 2269
-183988 54327 4317
-298049 292127 972
-97939 61437 7252
-211550 129733 3685
-28728 312991 2613
7749 -313089 11728
246826 -301173 6286
119931 -105211 9171
-200530 -296556 6437
-12351 -3628 3015
321306 -292007 32
-295321 225367 8109
9139 306811 11039
291 -14403 2560
183549 -149832 9433
-260416 -303352 4625
-183001 256914 4509
123416 286916 5780
213584 -15675 6476
-173359 88354 3701
149704 255367 9354
-93202 -300677 13298
273169 -100819 5319
184488 220572 9484
187533 -219023 6848
-301608 -13509 5545
-261719 -200132 5217
-42588 76816 8912
4708 -116731 1767
-88156 -38653 10655
-16346 299690 13297
56775 -269531 9474
-57153 330371 9627
153165 332997 2228
-114122 51242 7382
327961 -138532 2869
87258 331373 11608
-50415 71827 609
-91498 146931 6070
304401 -157490 2199
53069 314967 11789
-152118 332184 4947
-227818 300033 2306
126690 -120298 8822
13332 117086 298
188891 209653 2899
47887 135680 2443
-102286 -122715 9780
-104419 289094 1997
217527 128662 13187
-184859 6491 6493
-66818 -318515 11941
40487 102300 12302
-114253 133158 6357
261855 100823 3352
34355 -229832 7611
-26071 41608 2313
-101193 -166710 10847
-277025 -312224 12563
330896 -264972 4110
-157920 21754 1526
-76996 -11773 4414
142685 248566 855
-319292 -297145 9520
143139 307912 9741
-79107 -83384 2640
-44354 -128642 9974
-115658 -187688 10328
-127801 141182 1431
-165168 63049 7059
230230 -56401 4440
159215 329288 10979
-208269 18652 9159
62877 -48200 4805
31641 73631 3619
296774 120633 3663
109665 -298353 10799
-309238 -138148 9416
174226 100078 13282
272084 244456 13341
225592 -247706 8344
155489 -119949 13505
184391 -538 11041
23724 -161984 6903
155134 31354 5455
282728 40284 5817
-162688 47697 799
42137 22008 6505
-200770 184683 11103
-108158 146103 4856
-195849 -39412 6260
-225924 184927 4817
317573 319105 7478
-20902 53703 10193
-155493 -270558 10392
208399 264004 2161
-117251 237974 1420
36963 230035 10139
187735 151418 7480
277253 192796 898
109657 -21333 5434
20736 155952 1387
233596 -67451 8713
160642 15217 958
244925 -211705 1554
133542 143177 8698
-203234 -298816 6454
158714 -313394 11308
258482 19031 8844
-299671 -122410 4106
180425 122537 4972
66914 304442 836
-111294 6080 1933
-33627 -272500 12212
-8165 -234774 11339
130137 230993 5656
192140 -324513 11759
-250150 -90172 12627
-249450 -60440 1007
105088 -328372 6146
134801 64580 9732
163865 -95609 12415
-236134 -307768 5285
30645 -155572 11688
94610 -96141 3215
-133139 255356 7161
-28727 61504 13478
48916 54734 9186
-91953 -241714 4980
47198 237848 292
199352 33935 4838
-288585 148510 11850
-201320 280442 8302
-39776 51571 9512
-222267 -182373 10474
-326368 -284655 4063
-333345 -212572 1701
-137084 -41608 1924
-308090 306167 7352
142291 -325672 9560
-93040 -128659 9925
-163767 -3964 5183
-169687 310434 3513
-18833 240926 4502
173192 -302233 8152
-108098 -320085 12857
-296791 -214103 8678
272119 240401 9053
38284 158028 11336
-128590 -325925 9289
206685 102981 11578
281675 295297 2106
-234682 -160752 1996
88764 -295208 6159
-314375 -34842 1717
37423 -220968 5365
111166 -177187 8895
102919 137881 13893
175831 -12751 11373
-84618 -292130 12234
-185862 77037 11288
146637 -155897 5066
-272771 -51787 159
110016 -201775 746
64695 -192059 5297
216233 -194814 5201
129772 -224743 6551
-153457 216954 7523
308508 304063 3734
-236443 -100280 12690
36209 -316610 10958
-75972 26338 9954
-288616 -198680 6988
228276 -6199 5426
274729 -78724 5584
-213850 -260569 13702
-169707 -170457 2345
165272 229344 5112
-183645 -55546 10161
-77772 -187625 12385
31385 -52061 1323
194514 261672 13204
-56571 -275230 7708
-236045 -3280 2843
-122922 30051 1115
-168952 167056 818
321535 -296723 8776
-294186 -255423 13037
-145965 -276444 3546
261586 225057 6430
10
150 11265
349 2037
423 4894
465 625
440 7449
309 6066
70 3047
9 13266
212 1217
309 148
307 557
288 522
511 298
460 265
225 446
99 88
66 511
93 332
562 53
493 397

