464
-164869 42498 4018
178587 -89125 3308
150127 -117716 3412
-160650 -136333 3638
-187489 -84359 373
52871 -111043 1156
-38644 44396 7165
115908 -106031 4486
53890 100824 4484
-123424 153002 2414
160898 173611 6075
-28991 -65228 1135
-23364 202215 2127
-125596 -152337 2787
-195909 -43455 8195
65790 -2397 9475
-77699 185592 3023
53396 46991 3507
179845 -12041 4830
176879 -205517 3346
-132417 72176 4521
89083 36471 2722
-178268 -96257 3521
-124455 -108180 2120
121461 122446 6342
56498 101978 4375
207976 -150523 9354
-24275 -110985 7357
-210135 157745 4210
19549 -151184 9562
-191305 134784 95
4258 -178533 9973
-145471 -106992 7657
125432 78829 8971
-211724 -127544 5779
-191255 103724 494
69383 163042 3623
164888 -157104 3296
3815 136775 5056
-124783 -36715 6653
-100519 187841 8767
28451 29855 1289
151163 72434 655
-41663 214073 2474
131312 51767 5924
-96752 117447 8323
-198864 179393 6161
-25086 -38829 4488
-200003 -79165 4683
-8028 29055 2646
115629 117416 2657
102757 70469 6394
173147 -96662 1533
-171363 -141335 5777
-112152 -131228 7081
-56783 146246 9241
202570 -203049 9887
32777 213105 6388
40843 -109274 9349
-97827 -174033 4389
-214375 -91310 3350
119945 125774 2696
138444 85002 2221
7471 20517 812
-85333 65560 4441
-210804 138817 1606
89403 -113727 4917
199308 81492 8793
210258 55828 6521
24667 80599 3556
-96507 -110978 8985
-199244 102147 9368
210883 31170 3000
-86561 -37844 6734
-175598 85213 4829
170506 -179693 3223
-187837 148176 8524
53508 -94946 9872
211172 -194336 8058
174790 181983 2221
-189532 125718 392
193909 122191 5481
-118989 -132002 2835
-203191 -85558 4397
-212315 16809 1983
-212307 -112489 7706
95504 -19492 6854
151772 -71111 4456
15909 -85858 1731
-110420 95349 905
-104529 90277 2158
63275 63652 7982
-167445 -189953 8368
202801 -176537 1622
129504 -163433 2302
151895 179226 2439
57048 -132383 9283
-12584 -4660 9583
22965 49567 7809
-23172 -138904 8949
-8857 -193758 6632
192118 155824 9382
96096 -35826 4378
-213876 -202887 4431
47885 -102603 8364
-148813 -187987 8216
-69758 119259 2205
-46692 136779 5674
180331 39032 2737
-201035 -141694 880
151675 155019 2133
149610 180267 1775
-93756 15949 7630
49147 -77498 9542
-211495 113947 3172
-37014 151878 6192
143771 172725 9168
93462 27310 5434
47514 121380 7454
2873 -993 6463
48626 108032 2801
76723 74673 5759
-75604 179568 1073
93349 195659 4251
-40362 39869 9606
196097 39895 6991
-57100 -144411 9011
52570 -74569 1879
-72109 93096 2013
-11167 -188697 3671
-26114 -60017 2058
-5427 45532 7909
-28100 -108264 6118
-59486 -59093 3567
69142 137307 4043
170986 -147550 551
-188224 203001 2822
87828 -76396 5216
121827 203556 1398
190521 -202927 9163
84998 113202 5808
-56975 168118 329
-201462 -121166 5916
151911 176274 9225
-180032 -105509 9146
-56126 78772 3588
113379 -93907 9974
156144 -182092 2425
-137476 151439 4951
-187672 -136549 65
-24307 -3718 6780
-132774 -154908 2861
161438 -181204 638
-141473 11895 3234
56523 -62814 1841
-57682 -88536 8976
127375 -64127 5000
208587 -161639 520
206912 28837 6171
-57146 -192680 1939
-130361 76179 9619
-152898 156310 129
208563 -96362 3862
-138305 63388 2687
-96361 210191 3729
-191180 73952 4890
-41231 806 440
84821 -101554 4494
-70503 119071 7117
-189712 38138 6197
161676 118334 5302
-3468 -163877 5162
-167297 209724 8786
-91281 183535 841
162667 -16509 5709
203630 -42735 4800
-28292 -42735 4130
48278 146182 2953
-147834 83877 6539
-182784 149309 842
-20165 -117589 3997
-108541 -185770 2675
-142927 116863 5273
29147 -117568 1835
-140783 -164465 1071
195106 -120054 1200
-95871 -188913 4019
111271 -152870 9938
118566 -78300 1645
110419 49334 3164
-141511 -202783 8724
-103404 -18172 9626
109189 187995 2251
90549 11172 4009
-49239 187189 1205
37159 67269 1866
118808 131385 8467
69530 -44842 5330
117765 169809 4218
16217 94868 8576
69186 -130760 5989
91647 -62780 9132
202972 -1615 5678
-187892 -105177 9310
97251 86589 7415
121292 206872 5088
-159297 -950 2789
-74145 164336 5130
-190249 -59884 1823
-183648 158054 5830
129266 155195 3673
-22306 -27474 4249
123455 11049 2018
9735 -113126 8023
202477 133209 2450
-183904 -90925 7666
134207 119421 1874
-75173 -74462 6906
182498 25530 8039
-118858 20015 5474
-25135 -28541 8119
-15526 -97277 8549
-76406 -137333 2510
-78310 139464 9086
-138403 -195871 2159
66378 -99402 623
-27449 -122498 8996
-27537 101489 5353
-35949 -8073 8056
61825 -171230 3567
95927 6055 6972
-165433 192259 1841
165540 156627 7102
171772 -158969 2828
169479 -143860 2689
116130 -204677 2558
78100 212817 4398
-116463 59808 9972
204197 165878 806
4679 -150668 4721
-57151 98560 7955
-119217 157581 179
122623 120032 3511
171738 -157170 8009
53689 -42715 1309
-101458 -140205 2827
129580 121101 41
116130 181619 6343
39734 3353 1409
-109215 -90443 9218
-127861 8797 5240
-132953 -189015 8996
-209470 -206014 471
-154884 159079 7044
117177 179103 2651
-47990 -7333 9744
171008 35286 1829
-145416 5175 7532
-98085 -198475 2354
-196742 -163774 4297
-177964 68549 6513
-77050 12127 1589
-179050 75754 5728
-145978 51340 1856
-101246 152931 9085
180904 100437 6364
-103595 -127495 2998
7776 -67637 655
-58540 -38135 1066
-61148 -44625 7269
38076 130531 6749
-3259 -200349 360
-129494 -10498 2481
-54052 -29563 253
-47364 -195966 2997
-204697 81866 2315
-69506 -107751 6119
6521 -118014 4775
108858 -95282 6115
-59061 170207 6987
-126777 -204510 5492
211701 46038 2627
211761 -77127 6550
162678 -93251 7571
-193232 13719 967
26656 -31614 9201
-121352 181241 2145
187972 -123743 9857
-195326 -136350 9330
-143156 -208280 7047
-166217 170650 518
80021 177405 1509
-135700 14851 2992
10745 -143332 213
-162424 -54240 6256
-35129 132074 8165
-104201 129977 3501
-119138 -203150 4896
86325 140175 3184
153753 -41678 2918
-154202 -27442 6570
164667 -66637 8702
-183451 210718 2368
120643 -166729 7141
81973 -24323 8644
121077 -122077 9329
-30506 -99816 6240
-18476 -106719 1951
-38013 -86435 779
-118756 15384 2246
-87116 103265 2321
212238 163350 9344
-152746 43579 2839
-82863 156161 864
30320 94622 8111
153014 -152799 8148
-195376 120200 3802
1107 -194600 5617
-183395 37500 7107
-169363 93322 3962
79143 -12160 6702
-102350 3547 1823
-97291 201987 2111
52512 -21037 8955
53717 123782 2439
29965 -197373 8859
-22150 -189309 8429
65445 183665 3930
-85091 201365 7946
-168817 190403 487
11276 -76303 1953
-12267 -207882 4721
18045 79988 5874
-143976 -191740 7133
-73538 -132379 1677
208814 -182035 2259
134794 -97786 5593
50217 196236 6546
93782 17112 9385
198770 -3838 4817
110015 192003 8792
69120 -115025 9481
116464 -211749 2784
201589 188506 3405
-208348 -38997 8078
-210909 126680 806
-50159 -179795 7479
-158335 197522 5112
47345 203985 5893
194094 -127134 6378
-128825 209017 7079
-187235 -61147 6974
55679 44635 1830
148608 126130 7973
130513 52064 1398
156661 -39053 4773
-185865 14695 1760
-27433 142545 4067
65224 -89174 3130
169334 -146568 766
177307 -3346 3714
138398 113178 2759
141073 -111860 429
107693 95660 4422
-70950 156873 8921
90532 -175675 3426
-91340 -59294 6640
-105815 162005 1440
-117998 185813 2113
154893 87023 8912
-210527 -59460 4883
-22728 -189826 1383
-163984 -93923 6463
-16016 -23036 8852
-209848 -81125 3886
173848 -49813 1761
-100915 123550 8368
133776 196066 5362
-49583 16158 6909
121852 206195 7220
197170 -38480 4079
-204336 -206366 8046
189392 97080 323
212535 -69447 1498
-157162 -74804 9722
4580 -162066 845
-181175 -16267 6509
68381 -151039 3704
-211401 -6761 8641
-155175 96907 9153
127392 206002 3164
-144212 199168 282
-128938 45801 5255
196826 -62283 8056
-184772 194264 2203
-211670 -68044 9664
-197237 -142345 5253
-18248 79916 9210
84375 -79385 7822
12336 -75456 4584
207807 -193695 4999
186393 -18729 6388
100659 125211 5047
-117796 -172318 2692
-30021 153285 7308
-96017 132039 6340
34127 -161850 6990
23550 106302 5327
198583 -158223 5700
-150990 -159176 4400
131007 -90860 1529
140904 123509 4503
172912 -195202 2773
131452 12892 1383
-80372 162001 2499
68480 162216 5635
171535 83567 677
129464 136129 5812
75702 -172793 6110
-190396 9623 759
-93123 -139034 153
214179 -148568 1597
-113905 -125835 6023
-70573 155919 8744
38065 -92414 1267
-77473 203228 5982
83689 78362 2534
154576 179551 3336
-202020 51069 8810
-82039 -84771 8036
143214 191301 3028
-103509 75190 8021
173729 105263 8371
-20303 17192 9109
-77459 -56034 568
192275 -185568 7354
-87955 84740 7366
152608 72125 6692
182444 209346 2517
63109 -115595 7849
-45466 -45051 9184
-141478 93573 3783
122107 116877 586
88476 -55457 2269
163430 -34558 1915
14449 3917 9724
76336 50217 5934
-194570 -53797 5875
-32735 -140798 4650
153994 -53727 9355
-25637 97293 4220
-123948 175663 8050
180358 -80628 942
106623 87323 3246
158109 17675 2373
-42537 207877 8589
145831 8465 95
-73554 97221 6683
-42026 -115618 4941
-186082 -6032 8749
-186256 188995 896
76445 28108 531
-116073 180071 3745
-35265 199163 4616
9
435 2857
381 2483
28 5610
127 4616
414 3604
267 4869
287 8862
441 9599
365 5373
358 127
257 451
65 379
29 302
414 145
54 284
43 71
14 356
284 291

