585
89057 106245 12290
-273961 297686 3853
177166 286212 10816
-232475 166158 7341
-6624 -161243 9236
45257 -212178 9612
112468 -28040 2517
-26786 335759 177
-136484 315237 6282
109038 99591 10769
271765 -73322 9661
-124254 97016 10642
-173977 -76031 8093
191542 72899 13825
-24407 70432 12469
140932 211039 6534
-34104 -268806 10683
-33436 82367 12245
-144264 -121103 2705
225126 309640 3144
-3994 -176605 5662
-110463 -192120 10927
-125178 194561 11267
-84327 215357 11282
-1132 -170482 12901
-71424 -318346 4387
-230239 -306143 11607
272702 314572 7896
242247 135040 4165
-246972 -176645 7203
-266336 231377 440
130884 -19047 9161
-152910 -286864 8303
-112554 158536 8945
334121 -92829 3448
29029 -88338 6253
-163221 -316443 8662
-121630 -319875 6206
165903 175079 7575
147995 11658 13404
83375 170969 9002
252527 -69739 12833
-141778 308334 8058
216597 -149491 8075
-62615 291155 6085
80392 314357 1401
-212125 -87043 7255
146506 125517 276
231281 -41635 1900
-238071 -168856 5621
-251397 74995 7089
134247 312237 4159
327752 -169472 8125
137971 284813 4361
-227151 -134875 6418
-137092 -27948 4984
-92800 53573 1375
-110449 -253349 6498
206451 -109432 10986
257400 97609 2006
-9667 63943 9681
24717 173795 11043
-213132 -115500 12325
-278719 76999 7985
-13651 186231 9468
-311229 -205170 12776
110154 -321300 13135
-91454 -335509 2619
178812 220167 5379
-14991 8199 14124
336826 225285 2450
243773 177863 9811
257690 336361 12777
69671 -23673 10870
-128437 158769 4259
-295372 298955 12085
-210107 63801 162
93152 -83429 4838
-146772 188455 665
58920 39685 6457
227926 -199965 8448
135054 -99080 10372
-234072 -176510 11708
-201526 199635 3360
315767 27191 3177
-97250 -87454 6214
-312713 -311490 4851
224146 -254280 446
-181660 141648 10983
-182885 188458 1391
36210 191979 4459
-80772 -190536 9366
259682 -88648 5541
211544 -181789 2755
-328953 199823 4747
-57511 -129730 6138
-61363 -225282 3245
-169175 1323 2635
-128256 -53583 13103
268253 -86553 13546
-280107 9244 8151
64237 146809 13655
62256 131335 5229
17550 -183703 9208
-337132 -2992 11876
337936 -213308 5306
206551 -221273 3308
-129760 8190 4051
103101 73045 1259
-337903 150132 11258
307059 30673 13258
130584 -142015 13886
196060 145471 3793
126750 335006 437
-274203 64687 691
-292656 -237219 11843
-323333 178543 2750
30101 171683 432
-278315 -265086 3720
-244293 134951 3370
-281342 186350 8020
-170396 266544 2954
-138759 324528 13438
-285578 -324303 11727
-3826 -129642 8734
156101 217816 13023
-291281 -162511 2267
-243778 187839 6786
63211 173846 9510
-291064 -112411 13035
-232629 283860 10051
-261971 -210646 6666
-86562 -21212 3304
24921 252907 10860
-155205 -31259 974
-301092 264714 10860
36084 -273193 28
49168 118237 6472
-122006 70697 7207
-113426 338912 4247
3621 311849 5128
-205861 -158457 6544
308924 -278020 10983
160577 45180 12386
-328510 144228 10378
-302432 -141157 9593
172871 58908 3482
-241318 -267165 13791
-141016 -312476 2529
-212187 -263738 9625
-182192 188015 12683
3645 -301197 2601
-109521 142905 11206
233592 -254929 5504
-110377 46879 1386
-230059 -143436 671
319893 -267566 186
-224933 -299023 10389
-252445 221075 5115
-299569 145730 13241
-251895 -62684 6009
217187 -100465 12732
-32404 -92408 1360
159909 138147 388
-245184 252103 8727
-150633 67458 11686
-152002 -321105 13621
190410 -126168 327
-140173 293258 10567
276406 109622 9805
-337474 168927 13123
-333192 199122 5317
305963 -13553 156
131441 -141722 12216
-137924 25419 6905
-160752 27306 5268
108412 -28673 4662
-52582 -107821 2145
-236926 26537 12742
272399 197300 6094
108600 -325032 6775
145942 -12064 1607
-131012 78182 3357
-295630 149308 12731
-268154 -259843 2006
-128201 -184975 10623
187395 115108 7961
324843 -108665 4782
-142944 57524 13562
-230327 47578 12830
-23939 291010 3393
-291967 -239259 3446
-327325 194669 2061
-209887 -150133 2655
174273 -236198 6361
68056 -266002 11877
-21907 32205 10505
37944 -294666 2322
22763 50110 9520
193987 135362 6936
300317 -169900 10790
129690 -132590 1478
-58456 73929 2528
166154 -290628 12555
249886 -192276 963
-101978 153395 2542
93505 97931 1211
-184143 -150845 8039
-121265 49940 6378
-18835 -209122 12452
-109799 193807 2002
-312468 -320483 13143
-26860 -35601 2554
-143165 74758 9931
243601 -235860 167
165219 -16903 10690
-217851 -333517 9793
-157007 29213 311
-4061 129690 7749
215605 -279222 5061
-86534 -282948 2803
-183595 255975 927
172858 -133729 7537
27510 -26572 6851
75324 123470 13781
270971 81642 2276
250767 244897 10247
45008 67658 12831
24947 306894 3783
-147484 -33586 1712
188658 -175967 13585
186394 -171408 13763
158827 -139583 14139
139413 88232 9980
-60384 182451 6272
-145173 75143 12827
150007 -23672 5867
216596 -170927 9374
-117387 -73483 5994
192350 -32306 13623
236048 -106970 9438
306437 249401 6066
160551 -208262 12881
10291 -3889 8869
10605 -52805 636
336931 -316503 7212
-150466 -143388 6917
-76329 -34724 4165
72817 -879 13426
116508 247711 12687
-193375 317601 5864
-111239 83750 12488
-202313 -207765 10394
-235337 -153277 4532
-141162 203079 13053
-200657 -52601 5094
237252 330136 11790
108393 338468 10984
-168554 -259576 7107
221269 155028 1067
-94798 62946 1210
-33646 -309133 4656
-213324 230962 4186
-261751 59195 2287
279878 -84199 4278
-111988 197628 5131
-214012 -40284 13722
-8869 -26817 2089
-330162 252008 5923
-304766 242052 2294
60824 -211245 6022
291587 30215 4571
-284941 -202914 4249
235913 -213855 5069
282449 295381 12478
89515 289587 2802
-140847 -189574 1373
229798 57260 1193
168414 273171 4969
-301628 -129916 852
144732 -47700 6574
-291264 -59030 7174
-292390 -284714 4989
-24410 120853 3265
-260471 66807 5402
159263 -155654 12146
-103742 -75769 5485
-297045 172166 2905
-19749 235111 1015
-159925 -95220 3246
298740 67906 1304
2170 6392 6600
-95857 73015 13136
-218505 117062 3554
222249 -31570 1619
-299623 273255 5842
261970 -69840 4700
-176839 -8039 5419
111586 -46771 8184
-275781 342145 13188
-159174 -156716 10453
89281 -33816 3767
262429 -198980 13626
44555 303006 4951
278252 -118499 1992
-207958 -180859 13349
181267 -210914 1016
41692 264346 6304
323667 -48967 7051
169449 -19060 5766
-2853 -308688 7206
-103527 -174233 12836
19075 -95366 6711
-134489 -151523 11298
42495 -284076 8178
-16602 -203805 2653
-256417 112386 13977
248219 141872 4901
177542 -81553 13431
-219466 -212557 1299
312452 97837 9709
-249192 -130980 6744
-311155 213157 1047
-211974 310933 10221
224304 -50269 6688
329973 -334289 10806
-236912 267469 5225
-35697 -106197 4092
-164588 44147 9381
-300828 -41576 5342
-101402 162370 1934
128144 213779 7243
31863 -36715 12755
22068 137318 2786
49814 -73238 7007
237048 7504 2701
6457 35186 7393
289654 261297 12804
54724 -279156 4242
275348 -40695 9281
38776 254185 13642
-90824 -65112 9916
-200296 -8683 12446
145709 261712 12040
-138106 -52825 7280
-224976 279213 11249
29772 216825 4207
-138010 -241843 449
118501 -44632 708
87601 -324991 7011
55359 293572 9865
-195055 -75738 2739
339746 -139143 7852
-35992 -327601 11403
-280252 -20706 11710
-79218 73808 2692
-89681 253701 2151
-160583 48288 7662
-44349 213713 9123
-116229 -201826 3826
-211425 -35751 7806
-271967 101562 8041
-30381 5586 9796
208541 -86012 4037
-186219 28107 13046
330990 -168660 8358
-76737 -140708 1762
251583 163974 9773
-105859 12379 4769
25001 -237156 12053
295981 -225624 10084
-221987 170183 8831
-120647 -293260 9699
223547 114287 13428
-101902 257131 1475
-32677 -192084 255
13851 291904 7843
-220040 -228112 13133
6269 -288776 7147
81422 -181275 5828
159767 102392 3060
-28593 137461 7976
-85102 330104 9315
139509 -332737 4079
-233047 47865 110
46336 -328275 2501
-83371 134301 12608
335406 -333130 6148
155757 -248164 2268
-254684 199931 8438
115708 185915 5401
96005 269406 7891
63541 -147979 3217
3515 -137938 11554
-22374 -319115 3625
256962 230699 11688
181103 -191687 3057
224645 -59815 12450
-156275 -252127 13942
-211402 -241032 10012
116956 280562 7750
121837 -307401 13197
-20173 289266 1798
160211 -240742 6249
-283159 5958 3752
136992 -26892 13732
-37840 -192880 3226
-225426 -62127 11049
-113709 -330643 1604
-267309 -116565 5810
-135456 -260089 7157
225292 118698 1179
-279541 -309986 4062
81163 -126208 2367
58908 107985 5116
-192450 -163919 10565
-45245 -100371 14061
-328702 -323694 5938
-78328 -13942 2205
-70675 -68663 13002
256363 40355 11280
-292957 229412 3848
-240323 76464 8749
-61796 123516 13588
-31325 -329611 5893
-138483 -196434 8577
-185242 -161414 7189
181028 -170817 13573
94927 -211730 7218
-203153 -68053 12482
21898 96324 2300
-50792 -278987 2091
-88630 -260221 12259
2707 -19687 8315
185637 253354 3945
106235 -133616 13031
262313 94620 7362
-222391 326679 3030
120882 4840 13138
-310390 180047 7578
-303742 328078 8553
37203 29594 9567
-290180 -3339 3251
-204767 302875 12788
37536 -103565 1728
-43696 -203506 8867
273090 -48784 5346
198643 -186454 4032
39231 -148346 10715
-229754 299771 7453
-169560 34682 3256
-58825 -309007 4516
-247001 -139945 7275
46483 -139216 3189
313188 -41835 2038
-95219 156031 5801
238618 267580 13609
-49963 331669 1071
7885 -30890 4656
124465 -183026 3649
-235846 -249837 10989
-161531 329144 2039
301414 -114552 4355
303826 -173770 1831
111615 50865 3097
-32690 -145237 13384
-97067 67874 9270
-147189 -242467 11981
341325 -269089 12163
238175 -269649 5297
46228 -181781 11628
9177 -251355 11701
-188497 -302917 8608
124209 -86574 1664
-94687 256908 6877
51483 9747 12700
-138024 34876 11185
-71543 -83320 3578
-273069 -35777 1915
221921 254260 410
-3967 180417 16
299484 -179755 1843
299482 -155862 783
175339 -300834 11839
174688 -108138 5402
-224657 190617 3854
-22008 -22675 4627
94001 81530 5193
-105600 -212905 3808
194301 -341015 1260
81649 -284650 13451
106827 -146769 12482
-265520 -296338 12712
-67873 -211741 5437
231185 305046 143
-69181 -119340 4745
-85621 27011 8610
277429 81778 10636
74820 -40004 1677
-180017 -158986 10244
282643 340878 12410
-166749 60086 11745
199953 -41834 11306
-161463 111111 5486
-289080 -28605 10452
40846 66763 8376
123321 239780 7030
134164 106863 1599
-8802 271096 7039
-127122 -93510 2127
-31674 -176298 4754
225557 102358 8991
-102202 -160828 7357
338597 -64558 12625
-238545 130625 11096
-46720 36769 8256
-246043 -123469 7913
-263397 -111016 1134
-177590 37422 6060
147983 205306 11264
257170 118893 4648
280588 -173371 3917
-238876 108503 11352
-64461 -29119 11417
62519 134286 9444
44772 337812 1235
206106 -235174 10288
-36538 -26765 4860
135195 231211 201
-337723 15890 10239
218811 142819 4427
263255 5280 6995
-138226 -105143 5447
-329991 -160053 9385
-330441 -326084 6060
-124368 304067 4636
-60636 51951 11399
220048 -52823 11422
-120821 -180934 2045
-66106 -144821 513
135817 232732 6571
200313 38727 12771
-170098 -138702 9837
-30277 24788 11231
-143137 191478 5596
-61694 -155662 13424
258784 323293 3970
196821 321293 13134
192709 226905 4983
311119 -81791 13354
-44963 -175722 10748
2428 -248903 6022
-224539 -58941 2002
120924 9806 6968
-281187 -269573 9728
-309210 291579 2535
24928 -298449 10560
330799 148168 8677
71327 -19989 9943
187038 277994 1393
280375 -173903 3973
-57177 250647 10909
-9004 319416 5134
-42973 -308048 6346
19299 228730 4065
239459 102191 9214
14494 173965 6833
335541 -270775 3408
-24238 -323658 2106
-120173 117303 4748
204764 243667 5076
129085 6298 6270
-88427 20119 12490
107185 79091 11256
342185 3584 10941
-110738 15880 1450
-254500 -288646 10310
130072 159812 13948
176906 -178503 9322
-250766 -290849 12223
256892 72122 4920
-36357 -72207 7022
-140930 129140 12941
61816 -147634 1890
284339 205936 7831
10
360 255
401 7305
269 1373
354 7446
269 3274
227 10011
512 5785
134 7701
105 9042
428 6384
358 293
97 131
62 548
169 146
447 188
160 63
557 429
199 551
222 244
391 444

