561
-66860 -27122 5204
26640 -261890 7034
313560 2741 74
40340 -85494 1701
-229802 -87997 4559
290415 -9420 6453
110640 -257393 6976
-177969 248261 10567
239812 -62511 8955
253147 120625 6548
-123788 111605 8106
233994 86234 764
267781 66750 3806
114351 -21568 1144
-234880 182217 5095
-34140 -213097 670
277861 -146704 6698
182866 -74434 3111
279570 111247 255
283231 -153998 13099
-180051 43888 41
299548 80250 4274
126804 303246 9211
-104796 100442 10684
-262407 -17410 7010
130952 59129 2392
189515 -209302 6135
-275996 79417 9649
-209676 81057 10834
241815 297838 3776
302736 187425 6114
-178191 213767 6512
226432 -302348 828
205175 -188897 1558
-261612 106539 4185
296303 161128 5632
62495 -222303 12526
85983 235038 7975
226288 -6352 9284
7530 -69666 9614
145895 1756 9260
217255 -37538 6724
-151962 126456 2345
177385 168922 4023
-109714 -90551 5081
-77552 239206 224
169049 114140 7851
-2459 -77213 10105
-74786 -299149 7338
291296 -123332 2804
-97229 36603 12076
-196801 12967 9831
55658 34211 10142
15409 305645 7156
130954 117815 2462
-13106 123630 128
93960 -226502 12809
-258894 -12284 6610
298905 -238654 10558
-28382 259953 2750
41421 202945 1428
187135 102894 1986
68402 -165490 2602
-109001 140731 896
-236629 -146344 6155
-175277 117202 2015
219718 158017 11346
-222556 143649 13177
213184 -132024 2896
-122449 111913 11655
273261 -19069 7151
299448 -281678 11752
70536 -307317 5284
291972 38716 12418
241974 278527 3795
191348 177521 8356
-142635 83093 8574
89372 61402 9604
240907 -113894 1649
158837 -164707 7708
-297343 -260042 7865
105621 51815 12955
163530 96362 9539
-130201 56333 4365
-245053 -133462 2766
35545 156010 11995
-152065 -308069 5885
-285928 -214800 3241
-283300 263053 4924
229060 -90534 132
110968 173529 5291
-251024 198377 8772
-192643 59223 12280
93519 256965 9856
149386 49757 5076
306812 192005 9271
193579 -192365 5542
-163198 136325 4531
-84302 202039 11243
-49680 -137446 2227
29854 -210075 5514
214200 -181999 13274
-66787 -93923 9957
152769 44351 11206
-254087 -57796 868
-109534 243037 4872
-69141 -76057 4314
202658 287289 2830
-88442 -222077 9751
285379 48470 10467
-156383 17106 8368
220593 -46597 7647
-276469 -234154 7966
4018 -121378 4334
-155147 308788 13071
-8785 -116724 3915
155380 -115554 1978
80493 -273477 10206
106971 24644 8791
-111891 285495 11685
132336 116201 1199
-172236 146755 12418
11485 178348 66
300250 77859 6214
88703 -125472 9043
124564 -136600 12269
-17305 -285695 6702
127493 -94938 3351
-99582 -244145 5329
-130629 -137177 8758
-77608 -460 6190
193281 -156082 8916
-137684 131102 11561
11082 150318 12875
-244124 25498 2974
-17827 -270521 2040
19059 -211530 9248
-277165 305972 8420
261104 151602 7584
8438 -84039 4321
245773 226598 7462
-84734 -296537 13108
-238922 -267706 6532
236830 -102271 4908
45461 -247637 10916
222108 -264312 1278
50054 244853 12414
-195479 215724 528
-5113 206860 11485
-230678 -203709 12836
42179 -87658 2318
273287 187908 3595
-48892 248136 7167
296669 -303489 582
-141220 122195 12784
-217114 -226321 1050
66628 -124683 6578
52882 -134295 4910
-314372 133928 8722
-136083 75798 3570
16947 -272276 2504
178285 156019 3093
95819 -217629 8060
309545 -15910 7638
-157462 35834 5966
252877 174115 169
-62528 201365 9470
-17616 -236763 12134
-239496 204261 6783
-23709 -247950 8944
-889 -273736 7951
122414 -50082 11105
-130530 -278362 7095
259464 152518 2882
-31743 -19031 2412
-289798 -277369 12299
99654 -279237 1469
-87834 107457 4577
8747 284406 3598
-26776 -69216 11353
33669 -312549 2989
-62525 -39486 11246
-140100 -195569 11953
-234550 -226725 844
-57729 -95018 11894
74896 296306 9061
259943 -134390 12072
130811 -190465 12628
216224 -141145 6411
93701 68211 7196
99845 133285 13044
-24051 184690 12906
176471 -304460 2976
-53106 -95656 4010
110937 120755 1107
-244639 -262728 9005
231380 -206691 8178
303440 293014 8920
-96845 73532 11257
123905 -39682 10305
194795 -225241 799
271509 295220 9527
300594 43148 10179
-5955 144093 7619
-109451 -2502 216
-1591 -294449 8907
218800 3168 9928
234026 226355 5719
-237578 23653 10586
74187 -230232 8248
31148 -232649 174
-101914 307748 11604
-295677 -1832 367
-127700 -118657 1141
188420 206058 112
-65697 81741 8288
-268962 -79576 1585
-34402 39239 6336
-83264 129635 5722
174590 265845 11411
-71658 -257902 8400
245034 -51100 11399
256244 -117224 3369
-250048 -256050 12129
-228389 -263261 6735
-266805 217613 11624
295487 -87482 1935
279432 145689 7353
83640 -307714 9105
72061 157050 5295
263065 210588 8748
-310844 -210299 5623
173448 -314562 4848
-296472 127144 11119
210835 -176007 11916
68143 -300641 12832
308346 -306404 11905
314305 -165580 7511
155503 -213548 8200
-162620 -313235 11333
-160678 -222537 5176
-89418 -168194 3632
-192383 -292065 7001
181286 -243791 808
-74077 80102 4216
-136391 -117211 12217
-100988 246699 1692
-291888 156455 12250
-289082 210032 10194
-44476 102121 6179
222871 80210 12454
-171563 -155680 2316
228240 225731 11908
-238774 136551 7167
206456 -35228 2488
-26004 24868 5247
-161507 -128817 12344
211779 621 4693
-206566 829 7625
-146612 251459 10851
248260 -205835 7350
15683 -202070 10061
68631 115514 6149
-27897 199580 2558
-209776 -26393 5787
-289671 -180045 7766
91616 154263 7714
-70273 -17396 8862
73201 -98702 9081
-57430 -271657 8169
66699 310786 2866
65659 -258101 4719
168162 -238878 3059
-245994 269251 4072
115622 -117026 4159
-20802 107167 4805
-164590 310621 3559
-244928 232644 8595
255384 80912 5216
177269 -79537 501
231641 63755 986
-223711 -282266 8520
21688 -124580 126
-305288 268328 10045
-8934 4066 2630
-85337 152675 191
201632 -39083 1320
-183094 -120934 5742
-195165 167706 7252
-141184 -224027 10155
302245 -52891 12245
-82961 -233396 182
-196665 170107 7354
-63162 -147320 1245
302432 -106155 8516
-91460 -261592 9080
-133842 265286 4431
-135469 -296795 372
230875 -17443 5400
-92311 270541 10358
250019 -54392 4381
114814 -177962 12433
56745 223219 7480
-270831 -263543 961
-288111 221697 9826
-311697 9071 4830
-63947 -17653 5172
-65586 -294893 9880
173397 314409 170
-288393 288299 9770
-84044 -304470 4045
-114531 -297609 1555
254380 -147148 10220
-5561 -183218 9057
305797 251388 4144
-187735 131345 4282
140539 -58648 7665
-118456 231133 1976
-204792 302936 10793
-302519 202747 6242
17560 64824 193
126562 -266157 11439
-289940 -28312 11008
-166544 -129586 3616
228959 104318 7160
19062 -59347 6265
-137918 35667 8398
10782 273868 4792
-9500 28537 1940
-244587 187109 9552
74670 -311131 2128
-223958 -272635 1600
-211141 195786 7007
230592 -304472 1043
153076 -12089 9367
273627 -46449 2749
167065 211281 10322
117781 -90578 4527
96153 162638 2418
-228759 221233 8857
289982 178227 3429
114750 -81161 2211
224798 303485 8524
15149 -115399 11651
24736 193170 8476
39748 9771 465
-255151 170303 12104
65966 -105936 13051
75575 283009 3715
-63856 87094 8466
550 -227084 1206
229231 -252917 1243
-306978 161381 6725
100950 -163651 5551
67545 24204 1907
-278137 -219999 12421
131722 19359 11150
-239922 -55840 704
139276 123567 12715
-80208 189252 3579
287035 -281413 9430
72137 -66476 4772
41897 -244729 11249
-156810 -181907 10535
81042 300253 3588
-144332 210471 2340
-111866 138252 2496
134693 166714 12436
-291277 -156696 4247
-165380 -95030 2980
12805 -205326 10953
-276525 55031 915
-34422 -45280 4639
-3570 -269161 11709
-57288 -101708 4988
-53356 -36268 13138
-291171 56274 8971
-264326 -233826 9580
-95965 -215309 1653
-203591 -271832 11373
273043 76372 3120
37615 -209306 1964
-159284 -19867 10171
-259818 31607 4225
-261570 49478 11803
274875 -220252 12123
-117859 -197083 8370
-297957 207053 295
110383 174366 11207
239168 288462 4175
-161253 -259907 4565
303650 185716 2336
-244767 -219369 2397
7275 52011 13201
190116 114711 8032
-111990 181459 13202
289066 171673 1619
222353 284291 2391
257494 307034 8101
-97113 130113 24
-304055 194985 7120
-309865 202280 10048
229043 -288653 11698
-9794 286590 3713
-249759 313437 894
123837 -106600 2695
-41559 29542 2489
-29192 77192 665
227741 15721 7679
-133075 -110102 8309
-110405 -7417 1391
228502 -181498 12528
140249 -181935 4383
5536 -23738 3845
152744 185218 1695
-299447 -163429 12589
312310 -168643 7658
117760 106767 7687
117651 112230 7618
311780 221259 9573
198317 -92235 8520
280231 140009 12528
-1293 92378 697
-136899 281442 7801
-215454 161776 8528
-71884 -296910 1076
-238243 138835 1420
79449 40367 7381
-21328 212502 1790
293649 -67223 4060
259719 -46967 2239
250430 -246663 4583
269614 212248 7118
226029 287766 2562
237741 -267026 3423
59995 158296 7225
-291967 -40728 5157
17775 154504 1900
-167124 -21538 12626
-129119 9912 7394
-288496 161123 12638
-300955 -229643 3078
112718 -95195 12245
121623 -156072 12437
195969 -90225 10820
-161090 281781 557
-228137 22356 4820
157276 -182487 8123
67337 90492 2687
-144817 -303210 5966
-28578 -246285 8149
-159808 53895 10303
277999 198175 2378
-214438 -214416 3427
-217571 -250066 1398
-161171 -200652 18
-54947 -93708 6618
261709 -19695 139
-247265 296315 6395
-150709 52353 11028
-50482 -247215 7592
234869 -172881 1331
140680 -187365 2164
312365 -308940 4802
-250248 41913 11932
-204781 -115624 11873
163170 254607 11935
-207952 182439 9589
-262494 -262246 11323
-177410 -104856 2122
-155328 -70971 12293
25922 227965 5295
-182161 -249245 11932
110115 -188977 6194
157213 -153971 3490
137355 -151788 774
302901 205528 606
-177891 283615 1005
121737 -59284 7722
-272363 23787 6091
-172106 290364 482
33235 -189220 2745
-100969 63050 2375
-101536 -184075 9469
192264 137727 8813
97501 58289 1267
190041 -276431 10845
-301517 -131501 1456
-14547 69609 7987
40326 -293263 12709
-228399 -99182 10763
-128065 -127322 8120
-176474 299617 4332
35237 -22613 8526
60786 -185103 6696
135802 -99358 8767
248212 18674 10067
-310721 -103264 2809
226913 -85693 3724
-224939 -188965 8861
134916 98694 9732
204644 -172455 6998
108323 208002 5798
-213939 -296580 12910
34549 -299301 6893
235052 -64685 3191
143269 -87385 12563
-95073 32411 6894
-8317 -43575 6771
103756 -250400 8697
-42201 -188355 7711
-94500 -251635 9600
286740 53495 10426
162634 -10605 4945
-22029 177521 7710
102649 -280171 9298
156190 -188747 9025
-194099 -209638 8558
58048 175921 4908
82132 175547 8703
305229 -229104 6170
-56225 275815 1115
-229461 173580 3375
-67315 115709 8643
213551 -106737 9075
-283777 -305740 12021
-254166 -180165 6805
222697 99042 11352
-188073 223385 4317
184728 292939 162
72420 -129884 1360
42239 28788 6488
-217046 -1512 8201
-205231 36392 10542
-67486 -27766 5537
155827 -191846 12239
164300 -153071 6700
-277689 -258113 2684
259542 -132781 3805
-218854 -129957 9672
-299672 222197 3557
-44631 15028 220
143422 -261435 6322
-244630 -46021 3845
18031 -143150 2017
32318 68971 8036
225516 145652 10588
-41530 -90369 11495
-224665 106375 102
-121122 196351 9138
-53698 -2588 9178
-274776 86770 7120
-30584 169422 24
-282140 -70414 3142
-39246 -108135 8648
-255308 -60600 10862
49612 -267201 12064
170373 244023 3059
169769 -109580 2361
-81490 -136949 10709
-124713 266682 4609
10
474 10161
139 2028
52 4470
244 7829
69 1005
224 8970
466 12117
504 4037
409 10337
174 201
501 347
383 86
316 93
275 414
274 365
277 220
371 360
66 522
176 138
433 278

