1172
1066414 333544 33066
-1350315 -22018 24086
-611029 -838756 18471
1008661 399607 22127
1215950 -991018 27285
1236671 -1126381 23721
917224 1127233 25430
603254 -1158744 19702
-1019198 -1059929 34634
-573511 -1020022 11285
-372142 -14230 11101
88903 1243231 7150
-885932 1018824 7969
858944 590867 15544
1019026 42527 37875
-1308295 1196839 8933
1232801 175304 31255
1198822 304587 36286
-413054 -844717 20260
935289 1069664 30981
-35395 756594 6328
-583740 -278307 8185
-1285017 1085333 34730
345608 42260 6127
504171 -691518 29277
-1164251 318731 24078
-972780 -175331 15455
615979 1017044 15930
-583012 -187411 38768
812418 377695 4390
1161631 -416091 22168
-605609 -1025605 5450
64037 1230274 2570
1108330 670228 18557
42364 -205312 22331
2113 -309688 23943
-1201118 364699 24470
131365 1171825 11567
94156 -1213612 35118
572488 -9072 7128
239754 -1148691 40116
-1048683 861529 8351
41726 588066 31374
958665 91198 23963
647322 1302978 37698
-1368156 -957269 19120
-757034 998958 20616
-787380 -571016 34379
-1057121 1113831 9779
-490964 -799871 29688
-479151 -602950 38178
1017814 -643001 20848
-140039 -509941 16189
1265997 -1186257 14566
993388 432467 18651
670182 -864420 21734
-718038 -1060997 38790
-290134 -1182173 39421
-316806 -565282 17760
-272520 -611976 25532
865002 -192243 35353
1058028 -838011 16445
151260 26867 20866
-825666 -624403 14190
-1190151 419626 23971
-736690 1121326 2600
966511 257539 38414
809848 -1291294 33318
540086 370346 5911
-900452 554933 34618
-990569 522855 2633
-53221 -244871 14536
-248099 387534 10874
1106713 883561 10957
1212860 1004142 11113
-381914 -444801 8635
-523689 796537 5893
1047918 -1192215 12648
1308313 -916405 23542
1198272 1368402 23080
240889 -1269538 35265
76968 968809 6935
-1135489 455273 2023
-1140087 919326 20393
-9059 -530239 3388
-351120 -154258 6395
-280432 -1182965 32216
648573 60967 34370
-515427 -619653 10640
-783729 -1055656 17423
-438765 -977873 8964
972994 -1136854 36159
323739 -1341364 21805
571169 -1056354 33262
-190644 1112098 25488
624893 761629 23290
37991 1302047 32733
1024167 -1360078 22333
-1100201 1141580 10518
-632840 1022188 8783
26571 806813 13126
-627821 363224 19195
445595 -566496 35885
-1250758 447370 34367
-366419 1066533 7481
-472923 976425 2805
188935 442642 10040
-100062 -1178100 23231
-831873 830071 27680
619934 1047182 2821
323024 -776982 24203
1048458 -845640 37449
-69320 837 8573
-951457 -690641 19667
-248505 341311 9929
-1170556 976083 4402
-1099558 499961 7401
-726551 -1131114 22190
-612019 454112 36984
282653 -473348 35470
-962542 -1047263 12450
538795 -290379 481
-40687 869505 39219
811536 379647 2618
-187046 -1309877 9377
-225389 818852 27829
221428 169312 20717
1151889 -531710 21729
1065921 -124191 23278
668150 -626603 14577
-327405 767631 29854
178911 -714347 9472
135868 -839588 36329
81511 -451541 38011
-755070 659505 1916
1052805 -43697 37467
-468593 125661 21736
778709 909261 29701
-450937 -172406 20960
15748 -805460 2681
1020419 3505 9266
-1014133 1045447 38651
-805125 1212914 24315
-841407 -1360431 3180
67295 -154006 13641
-698052 278252 17342
1238722 -781105 22812
1241728 854624 25177
-282941 -493724 33315
388899 -289309 2662
1152244 -1018604 5329
306778 -609693 38365
-1119104 -611555 17112
1263896 19029 20105
-1095312 1268257 38802
-551023 -1332847 24948
-1202761 -422756 17346
-222582 -763670 18086
1074165 1113318 19174
484748 -951842 6999
-197188 608796 26516
1188520 644537 14532
-29134 228784 1464
-343086 -1059278 18781
819720 -163984 11060
-313861 881477 14108
-1350874 -946208 2693
-777475 1181513 18689
263748 -776349 27937
137129 -688288 39639
-296504 284730 6078
-1366074 201080 10945
-156720 -624396 27315
118625 799023 7334
-1016612 -762050 2901
-1352165 -561734 26178
138886 -696719 21204
271258 -470319 2638
653847 -584233 15747
729184 -701412 23356
-198709 21246 12468
-109140 -819429 11397
935833 -488237 30021
-90512 1006154 21698
261550 -900335 15753
430296 937323 34756
-1066860 -515311 27874
1210478 664723 35228
540699 -976606 21712
-373260 -1362307 29470
1222233 1096361 23159
-1337969 -1103259 24393
-1030808 -182785 16487
-327947 975180 19519
-111190 72354 18451
651400 -205531 17839
1155120 1294198 152
-759840 -855820 38855
186399 252121 32256
541660 404432 13759
621572 160306 23698
-644603 -1189350 18529
412305 335013 23805
1243359 -111439 19541
106861 -1025312 35924
19196 18049 3165
-1212607 956503 4649
-870782 -319006 25729
-897014 -300725 35801
1324482 110849 27502
276169 1161981 16568
804308 52688 4952
-693826 -1203021 25358
856627 -1349318 32267
-993031 953803 22704
173629 91676 27534
-1144989 -255121 38161
-999399 -657685 12462
516756 -437914 36937
447347 -582003 31395
-395623 -196127 16189
136747 -954305 24879
-740180 -505164 11730
-1292098 -194867 14201
1065004 -513157 22413
-1267515 -603289 29557
-1149960 -838510 40003
288233 512522 4314
-334147 423266 23601
-295095 1207801 18313
272951 -87062 11543
-150020 1276311 39014
-1346250 622925 18156
798686 -284580 34576
16925 971557 3139
1180069 -1311003 24257
97697 553104 34041
925084 580466 37955
281353 976799 4936
-278202 -746035 31056
-846131 -29393 29321
1213162 -1132114 25922
1191046 506761 20732
-905447 -313202 886
1230818 -1320876 6619
774548 -1285193 34007
1195545 1121668 9047
-1162380 -243517 37435
-796370 709543 25580
-345940 327596 1705
-109466 920412 3552
-1298601 464257 35899
-918588 664910 17187
-250409 -175671 31163
355447 -1260307 7034
-1074352 -519606 19635
463366 -1278198 30152
-980905 -597728 38399
965652 361924 19610
1352674 544518 8725
844180 -840209 4765
-382765 548644 34998
-491590 872650 10019
-1273611 1070562 21371
341275 -929400 13172
720283 590997 25247
-11751 -1083388 27053
45908 117954 38779
-814139 -34546 1376
1200317 619850 16449
-1090582 -606087 33579
-796001 -396240 492
646250 -1242383 31569
193497 303341 2509
-51886 545894 33811
-127169 915947 17897
920441 -298632 24145
828881 398926 29387
-164516 466124 27523
-1006152 660433 1048
-275798 -718504 10286
105596 424133 30567
-14858 -98875 27843
1229110 -1333225 39269
-124011 -275129 8294
474981 955628 29336
-430149 -890208 33804
-144847 834378 32639
44691 -843240 28635
-73204 844945 14887
343137 -534340 7680
-522455 -669623 27135
628528 87531 14043
230175 -19802 33486
1122438 1124125 7248
24065 666581 28627
-1159208 -538644 39786
-1092875 -1354232 1820
-706541 555539 22376
660723 -727778 15208
-585929 -861340 3844
-268852 683609 17740
612444 -1320835 337
239131 -1166293 30399
1357246 -500313 32396
590979 -878162 9916
-1004554 -676564 24293
-373572 850231 31849
825251 -808004 22592
-879115 521799 36411
1018631 -146879 21895
-870477 816152 4382
303327 -251142 8487
-1371457 14174 20093
-284860 -833277 2849
610810 -147577 16506
-11172 477179 21943
175545 -1123459 27394
1244961 986370 3092
773483 613142 36182
-97955 111649 21515
-466114 505550 27005
-1067737 -323928 35426
581712 1024317 3584
-668943 -838400 32114
578890 -979965 15964
825809 -37587 17442
1348559 -1257927 36480
-1210410 -1326985 26420
-847540 -1178264 11606
-148467 -343100 29462
-376545 10385 7472
725189 -14881 14133
1072416 -537678 32634
1027791 -420251 26022
-22181 -515069 36649
774399 -73207 27242
-491069 -785857 13582
434004 -1340907 23630
-1274488 -1344300 9499
-159672 1366500 38210
-804812 1248504 6985
317830 -564637 13602
352867 -1217130 17934
287498 -313671 38627
-1081102 856812 7419
-291267 1262484 38261
-204588 1194345 38663
-1116083 1257978 13971
1158569 -86797 30696
211948 -993112 826
-143863 1079502 6082
24524 -1115324 4990
-992017 -563362 8811
1189995 574663 25451
-915727 1237424 10280
-599575 -691762 18558
930252 -61350 2965
-1011467 225287 28019
-1200992 831024 31601
694696 262767 37569
122950 -344562 29391
1107933 -1259193 34592
1213392 1353836 2969
-1004975 -1146795 21870
-1309176 -670863 5658
1175696 747980 33424
688480 946762 20764
-1166639 702897 26217
-1128050 -471796 13762
211424 -869287 39227
-802112 590084 39017
-76608 244328 14974
-223831 -1074407 7000
698412 -1081112 30852
-1017848 -754737 9830
-661070 -1159549 9829
1336675 -978480 22854
623715 -1342275 3351
-693636 -785518 38974
-1046400 1097186 39777
-232509 -307898 15215
217765 -1165004 16618
-1284484 -331989 22741
-23440 -536521 34699
-189381 834398 11695
-831827 1133226 27817
-1137189 -1243271 29941
807608 924709 16835
-978077 569727 38056
-421806 -251453 9229
896770 202273 20549
-857760 -990358 16837
-602366 38566 34904
2626 819774 9088
52913 126084 28875
1185658 -93619 31372
-631292 -1142871 20162
-18870 -271933 15577
-704165 418671 34347
-280511 573574 31448
466892 1144189 2673
-10094 -998462 39791
144407 -679965 19301
210325 405583 4112
1146954 -338300 2279
267087 -905134 13367
-988829 -752916 14038
734165 1135300 7328
608669 -856805 19085
-787789 -1178339 5538
-496169 -132491 29265
-856811 -497750 20981
-410870 1166252 7585
-803257 1298659 33735
1137340 -458382 16171
-416795 -132821 15917
68498 1150178 16821
-1268395 -37646 22902
-164998 101753 28426
-993843 1152801 4580
561260 322796 24865
1056578 1060190 19463
25638 549092 20563
722542 -3005 6354
587608 -728653 12244
839294 642105 7392
844450 116697 16538
-522783 187312 26231
1346611 -152900 2837
-1269383 -153571 4646
985109 -823792 3234
-72709 -1026806 3358
-190037 -920320 20133
-754422 -747762 13052
-749362 532087 38170
-740050 -439760 2076
574069 52534 7293
-531598 -78659 22100
-467143 -945186 21114
-1057224 -1045095 32837
637919 -258696 2252
-1193450 37720 26627
-972235 76389 6993
317934 648105 28811
884844 394753 4567
-164106 -130931 39703
-201170 475715 19408
-560566 -732228 952
536791 -411733 2974
1113943 -140018 11636
1276597 -502372 2143
-1073258 762586 37147
540053 734250 14760
68986 -1284855 2721
1294151 -72342 11152
96245 445266 14375
-1167025 -385212 6443
734471 -804184 24472
1043729 125255 18466
357961 1129484 34453
-1279656 -326546 11764
115327 72924 19029
1159417 -1372803 35313
-1023025 -1206481 9218
599025 -595088 14898
-537810 -474678 11332
-362639 -1080414 36639
-781178 -679209 11259
610300 -324590 31331
628375 -1020177 1271
989097 -550592 28681
144035 75335 33083
-980550 1021407 7403
-1083551 495522 7018
527307 -597145 7286
-648717 -701307 24017
-1368067 950886 33128
311452 -350555 39733
-630121 275522 21528
944417 1085616 39334
-1251347 -220776 15776
-538954 901428 1470
581147 1271344 35062
-779507 -113777 35706
151813 630508 9347
-204371 1065707 13328
-1017737 -1155979 30716
948507 -1004665 15959
-517096 921450 12304
-396420 -160174 39947
84438 -777024 1077
-701959 -205422 6782
349304 366119 6236
133306 946708 2952
211338 -1187156 30888
-68470 -1087315 37381
824556 807263 36861
1024430 514759 15317
292115 -85654 17973
-832792 -503590 36364
-618216 316884 11395
-147060 745875 39083
-29586 -967008 657
-1173181 298950 24163
-180039 -420987 38868
928261 71608 12948
626356 704698 26072
487401 -441556 14041
-1206031 -697380 14244
705724 -634755 12233
-1215394 444206 13051
116441 -213976 31648
-71822 -1032334 21856
-996028 836086 33722
-378519 177870 28151
942709 401985 37476
-498847 -453727 23478
-903926 -1028867 7032
-759271 1306431 21415
-1323257 983062 11182
-1327885 535155 13924
-613821 -1197129 29575
916045 471008 11542
-1210362 -383941 25950
171157 325090 15375
915986 557707 26657
-627794 1306691 31946
-318111 1135599 39140
1185043 -48328 4472
-873913 650772 18328
-585299 1246733 1958
343860 575200 40012
-745075 706555 9638
-444871 -1314781 23180
-316508 1187452 18938
328376 -1180140 20111
-828169 -614423 1806
-595798 -1001255 6250
-267692 -1183996 4642
987338 -29582 34412
391934 200660 7548
-1226322 1131564 29010
153339 749870 5102
1097885 -720612 37779
567466 1249148 38467
-130308 -567329 30318
1125179 368299 23092
932446 -1057208 29445
-1272461 -400062 32367
486721 1012030 28300
1363571 -799067 18550
-239551 -337953 29361
62167 75316 21858
-444516 -1064851 35844
69380 1259620 15342
-236563 928811 32786
-1313872 -746656 34802
-182779 -363009 6513
1034927 -1295595 13940
-516718 -46434 36535
585692 -470534 7500
-94451 -1029009 17842
1309521 985816 1216
98171 -609351 19540
-831649 -480086 26243
-1132148 288840 28781
-731921 1143320 7696
1343429 794311 25066
-1353150 234456 15895
-409870 -176808 31262
-1138658 -489140 25900
265033 1306822 8717
-1138782 51010 16208
-321448 -592679 28543
-66240 762348 5717
1308204 -232092 28381
-1036698 -204326 28459
345099 -517179 16688
-1105487 1199658 32477
769038 -656136 38351
640361 328050 21268
254337 1017200 16028
-220458 286311 15246
821540 -802172 1752
1202851 858579 20970
1062401 670057 1779
-546539 870716 31773
684585 -673101 13179
-1357853 290727 38082
-1346526 1020014 19360
-12696 459557 12402
37336 894255 36823
292937 964325 10539
-428938 791324 35371
1061343 -96306 3274
-899448 -96566 17617
1265549 -213891 28482
-376348 -70756 20885
-146561 1056159 11562
1078993 700422 2744
-675928 107855 23360
1083696 659834 15401
-809294 -701022 14732
820688 1183520 18136
634276 255777 33945
-1245548 378989 33033
795830 -582776 15373
777504 449339 18663
1012394 -811016 3763
-784668 -1108983 39283
1172094 1198543 39724
849701 -762199 37602
985412 375648 38029
-1047572 -1073281 35884
946956 261122 39388
471975 507800 30848
-767648 1204199 13818
1087603 383528 2665
580824 -936348 6880
277011 319413 31617
1262882 270380 34520
-1279917 897638 29764
834727 -565821 24283
373316 571267 4012
1027019 1073048 39583
894993 -900444 35086
995060 957782 29150
89522 -240592 16403
10060 -18638 19613
-645949 755606 27502
9415 918240 3548
-1074476 -1020214 30809
-577721 1227930 7265
-954767 844970 25033
-1169808 767966 34067
-962054 -365143 15034
791941 213152 38678
1260646 -980963 20231
910315 -1141172 855
-1178028 1012448 9670
-147414 -122026 6502
1195230 1049753 34202
889966 132244 5991
-718620 1356330 7586
-1201409 -49255 26035
1109680 1300305 34405
225011 1369528 14348
-1064676 339927 15983
1037382 391594 8238
614286 972918 5726
-993960 -1102540 33660
79842 871023 11815
-243849 -1110411 38213
1058249 -1049518 38120
960698 1175275 19132
941501 374039 32382
653082 1091161 15402
-938649 283301 25673
64448 -1313454 27764
1154116 346751 154
567142 859436 39318
364092 1240620 22221
-845791 1314487 24887
1137348 485202 31358
156210 -1055763 3135
-159719 -1229560 6876
871296 810366 7599
-1125114 -276692 13664
-498154 -304014 17526
-816698 26224 18542
-60644 864832 36884
738658 355710 35916
-1091070 252763 36203
-437318 -764332 27251
-871158 -778241 36437
-305740 464464 33895
672457 -780429 17422
-1222078 870616 5891
-492796 -1240820 28104
244689 251348 19999
-1078921 508653 5926
-208040 -558903 39904
960734 323733 29657
-1266429 783221 19313
-1259528 -326330 29564
57794 1280696 18945
-446707 710987 30831
-332886 861123 20957
918581 239447 31754
252081 1302605 40032
-1159787 383199 21328
-908307 192076 38863
-773857 -160242 17544
-1346982 26686 23497
-136203 -1237979 19458
1125254 -1281104 4871
361894 -432628 16481
-1084845 -52269 1925
-1089836 -732296 29879
1287207 -943607 23831
-1183045 -460956 34681
225774 843821 16757
-1191080 -1165558 27680
692328 -87950 18248
316069 608376 29040
447123 -1156556 21080
-950809 1278053 26209
-261599 23517 679
288980 341575 2242
1366111 440999 35233
-1120792 673656 15465
876305 -1178069 3397
-638217 911593 31920
1337230 -1153329 7117
-582549 1080199 7523
-483753 989388 33335
-1308646 1082565 13965
-616876 489038 13425
1316836 220622 39777
-218880 -1226805 18891
451914 231409 19218
614327 1238658 9109
495614 1100134 39242
909046 -1209399 39863
1220615 185297 14668
367521 -962930 34139
1349635 194380 25419
-136657 -414674 27564
-715807 -936507 13193
-1270735 -541938 4182
-550088 357687 32863
977791 -1001601 15142
472134 -1359980 39607
291781 927940 16784
-691085 1325527 20716
-42534 149342 25942
594896 198416 16159
749050 512050 9294
613268 345607 24294
-1202547 117622 11338
-813745 -1113898 40120
-930823 314209 14251
852911 -39194 12960
-952880 -390399 16742
1292886 -1035683 13612
15960 -504091 22207
1113223 15977 13353
-1127905 -1148016 30307
1334779 1280872 4342
-1368590 903081 32398
-253409 290026 30828
455304 -929448 32623
142991 580626 21653
-534575 -82730 35751
-1264307 -951082 14543
100247 432598 21225
-739294 -506498 9025
285553 705531 6701
-954486 -289239 20428
690412 -1215046 37745
-1051251 294423 17319
472109 -1363907 16913
-142362 1131395 1990
640803 267115 23365
863841 1226351 39425
521340 -123505 35272
1272788 502643 35465
-1013324 -1229696 5905
240333 910690 12049
807482 -786958 23230
820729 -1016048 23815
-1242538 1166580 32603
843458 -247389 21915
-489533 -80598 35417
-561740 -907748 34243
-347548 -336877 10282
884003 -1137053 9134
-653648 744375 37585
-117511 769409 1757
1034989 -593499 39704
533093 -882040 13727
1313784 -254752 28372
-274549 -504822 14247
-421076 -942935 6435
-868949 992262 15915
890903 -965516 26306
-197334 866445 2320
-112363 1331406 5270
727602 7408 37982
-906774 -911495 1030
129399 165500 14992
-1320691 197250 29583
474034 772858 23847
1147543 121838 15001
-725920 -1154291 38568
1114083 779130 36681
-419064 1035255 10450
106511 466668 24158
158832 -718784 31448
-157752 -814983 11922
1334436 1116505 10402
176659 407690 17629
-1076188 -909175 27182
1095040 -740892 29082
204223 824842 26412
609435 -1150030 34640
-658111 -26011 10439
-1006376 -102723 20278
1287658 -459785 689
-7177 -1173204 38263
-551546 754232 19694
352642 1273159 7097
174631 -861930 2032
-1175795 78499 19546
-169233 -881897 22132
801778 -247081 7566
1033699 -1231661 69
-972170 1336175 28464
740821 -385035 7621
431267 -403897 4503
187782 111943 9896
-599693 -969205 22566
578287 -73352 35839
915278 -262758 20186
460600 872068 10170
-914380 949810 11975
-1220595 -365735 1756
195622 82605 12879
972653 -1357841 39814
-388498 789676 6600
-663212 -1281303 39084
364736 63203 4439
277795 552858 24193
-742774 -195951 428
107975 1150212 13281
-909154 -493014 26551
1168716 1338481 34418
-420654 -381715 21119
-812035 957428 29553
1221549 1164222 3169
-822633 -1321583 35046
-664394 -409640 35222
1035109 124311 2737
927320 -373468 4432
-1213223 -1149581 30262
-565578 18045 34139
707510 -64640 34543
-345465 -1332743 28796
1367273 -340594 28356
-440713 997287 31169
-492028 190734 32364
1115362 -857762 1061
1343310 1294037 34260
-219212 141660 16821
892695 940512 21063
1297706 -832903 4572
-301443 808188 14351
489646 1216120 37002
421618 -560195 20754
-1150308 -137544 12219
-677298 1097461 13656
655086 1279428 12690
-53857 -142202 23686
1101474 -730951 21111
1027495 1163886 8522
1070752 -135385 31997
155042 30642 31400
-1154129 -1214453 37315
-1123147 -1142461 2867
847199 -85827 38946
844942 724759 6974
-741606 630863 31780
595268 856998 34178
-1319607 1263971 39434
719540 -494954 22260
687706 -946385 35879
1233608 -299131 33220
1266852 1271254 37675
-1070069 881277 34308
-725299 -890900 34640
318087 -732093 26079
1189334 -1042324 34366
-710430 652929 34698
504796 -186524 21169
-613109 -1298197 8443
211356 -780580 23425
745917 -1219935 11483
-473544 138309 15112
416317 -1114741 20552
-697487 1207036 28641
469798 810487 31279
-703970 -1263252 11182
-977984 861020 3633
-938072 243056 15115
-846791 -662073 39215
-940578 684697 10260
1066135 333647 2171
632889 197124 26009
262935 -818151 8604
922239 188147 5216
-1200331 1118221 18974
-1355460 -712537 36049
-701277 -1091064 9350
1101572 268162 11230
611515 -352359 26692
824736 -498257 32819
250412 -1250188 13864
612717 5604 2444
-802331 1263528 31001
-892931 -397731 11858
1165799 1201309 259
-4742 -1322319 37463
-828703 734838 1286
1334642 -3852 27469
1074907 -1066573 15312
-303816 -1132486 26904
-1056751 -261644 33297
-1001748 -653830 34561
354651 -214810 26929
-564550 -492168 20677
-525497 -1121863 32378
396177 1230455 10394
-775741 1038274 17763
-1092238 -425367 14571
-1225002 1242576 29177
354979 1230753 2651
927728 -723222 18923
796583 -156126 143
-449710 579355 30333
-106292 -977755 38128
-413344 885477 30115
-185126 109898 15832
547326 1008826 13772
646978 -462704 14179
5043 -1047 34550
-310459 75373 32328
-807142 -785115 6781
-1282873 -1078394 31995
-184253 1204363 4385
-929659 -630663 33373
-1111223 -118284 33947
187065 -514795 3952
-554590 -982066 33645
-629796 1372507 18528
-939834 170698 15216
940666 -403307 21081
-951690 641817 8556
-1011516 -1220004 3
-1256359 322517 16036
937713 864825 10460
1091659 -841777 69
-184686 -1247493 32664
1232373 -1024620 16868
-77842 604692 1351
189033 -1031817 29952
583984 -1038258 31723
105573 -82345 23195
-147048 129536 39190
-67714 127468 32533
-329555 1332407 37671
518315 -21411 27283
732471 -1226971 19404
-381112 -575926 12494
832938 968739 7785
-438316 1177886 3949
-623706 -1256083 16249
-834239 634302 9430
-889924 -1009145 8724
-92153 644596 31664
1011592 1242790 3987
-839860 199176 7110
573378 -1243630 2846
-825968 507604 5820
41105 1276418 5017
-406658 1174314 19072
1227252 -1069778 13067
375876 515728 19579
-13693 1201524 16940
876089 -265858 9999
971712 -1047544 21151
-1325802 502295 1745
-300010 325953 32045
1268865 296306 29429
704806 1198467 4350
-174640 981299 14290
-140407 -1317537 3551
1035837 971663 15347
649173 977826 18528
-1081463 -730799 7551
-838174 -1042942 30226
-759992 -56275 4155
-1120775 126792 19081
-1101833 -1275216 12939
-659656 313902 26563
-368556 -643392 22785
1187276 -270629 29342
-1177476 492625 29877
1203677 813090 24531
1050376 -955763 11423
473927 533475 36014
-8297 44421 6296
281675 294556 29324
-124583 107631 29726
-322571 597921 9103
345578 1265714 35919
-537089 1315630 28894
-1140995 1295065 9737
-368722 -2611 22498
-734575 -490475 16413
1352469 -859521 35209
513732 1098971 30587
-988837 -856919 16668
-408445 1038018 39426
-247082 1319858 10791
1261947 1251313 15611
983051 -948703 5838
-955285 -299011 11902
-391233 85233 5497
811373 -1100267 35158
-1223407 -95030 18616
143629 -462294 11747
451200 1348123 19011
-521006 253495 38011
-722202 -122099 28851
24002 709698 8183
-1361545 4460 8481
1206126 -530080 19285
925819 184126 13545
-524714 -1169756 21710
-38440 -358660 17319
-1040987 -667473 12336
-1152064 211425 22098
381393 -962080 2805
325197 1234592 39429
-179692 145800 12731
-404308 507079 13136
-360006 397160 31409
-827831 -958549 37491
-1276070 -1181623 28663
-1094838 645749 21108
-532644 -58761 16978
316609 -142256 24088
-1093134 -845411 35518
-545324 729030 14463
-331231 -66376 24449
-228672 -1114383 18900
-109715 -563000 25498
-180146 -145787 8780
-937465 278887 36225
174029 20103 33179
748870 -1330524 31652
1319273 -550330 8532
-583265 986812 3103
-801181 -870401 24019
237616 103426 22043
-872919 -601737 12406
-630785 -873669 27280
-1100615 669450 12884
-831859 68115 17070
553640 763902 7088
-736547 873606 7598
104425 362153 9885
-1059421 -342941 7597
1215361 1311147 34868
793358 -373369 928
-1337414 924068 39759
-558159 738455 29468
898780 1066697 39641
-427358 -112099 19546
-838768 458118 36619
655475 -1002587 13330
-545220 969202 26679
-907633 -1359551 11792
35495 339618 276
508590 -832542 5496
981178 903907 14574
-1131286 655408 21735
-702903 561257 22541
1228146 563990 14041
-463299 1194974 36953
350182 -130799 7685
-8362 -1223570 39492
-683838 -883422 26765
50533 -1186326 19217
128037 -934196 3949
456225 -21689 34742
-246528 -784822 27765
273028 363255 11760
-1118987 995979 19211
-976139 357857 17232
70611 967122 23513
1245281 -140067 26733
520947 35094 5717
-1085149 307024 21135
32820 -1326322 32530
-1298271 51140 28479
244395 -983492 8287
14608 417410 1806
518430 786691 4303
831586 -1322357 5139
-1029262 -302105 34690
-1033276 -605835 36834
679490 -572472 16972
1171019 -1347487 10541
388028 -845047 33107
-269712 -858239 23210
-115070 1054568 6036
715457 1176073 20203
509550 -147827 15772
-639562 154783 39120
510850 282328 15582
-142519 192334 14701
-1263138 -66350 10264
967487 -1005339 2799
-481854 -247267 28682
889015 -21919 11031
-939511 324638 4584
-772072 615512 2294
183588 -760735 4511
-493944 412754 11233
-812312 1334222 32471
-319416 298607 38527
177234 948764 25530
1046521 -1315195 13027
954232 343229 37361
667427 -782667 34074
-385068 -627785 32259
-1352240 189116 6479
-597202 -230055 33966
516646 172230 1710
1268350 -800190 22640
261734 462896 39971
-70163 1274091 15954
-585489 -1103058 3381
466047 1291661 2327
-1024317 -861739 39557
609409 -574277 33251
600054 -828556 39130
1068486 978314 7269
984778 1278755 28758
1369488 349343 777
-22017 -710153 34647
-251156 1021221 12841
-554565 -986233 4369
900649 959350 21368
-1192563 587669 28875
-710604 -91942 12177
-972771 -245992 24652
195575 1357679 29564
290754 -672507 12940
717349 382807 11073
-370158 -988887 15846
935881 -546042 28816
223956 -739455 27666
665574 -67212 13105
931155 -110613 14386
-532739 -283608 27754
-621048 -901371 34841
298854 -112554 37270
274677 284711 4749
-828205 -996205 12744
-805777 -346766 22860
-895869 -1191268 21501
605432 816852 35886
1303967 286652 22852
-403311 434641 4770
6475 110534 19742
247649 80786 14354
66170 -429082 15756
-887790 -1241118 6311
-473624 -977136 18389
11
148 20371
990 13243
674 2856
1145 7455
941 25402
412 3657
28 15188
1033 20999
1107 39488
111 14039
936 34051
365 905
366 490
126 862
58 893
310 99
871 856
1037 1168
560 339
70 1131
523 497
260 794

