2043
265234 64995 64532
-4050354 -2929769 56936
-3826619 -7161 39911
-3767323 2018917 67284
3536102 -689497 37228
-2863119 373052 80907
3967554 -3299954 46290
595855 3129871 39089
1759440 2523460 60040
376127 4079443 82688
2902490 -3317977 69862
2225556 607910 39679
-398465 -2150085 43585
1483774 2775698 46723
4108179 -3961436 55027
-3080818 -1212488 1436
-1574199 1690542 23685
-2270257 3964349 18314
-2758442 185007 58624
-100274 3306652 18500
-1260052 902552 63592
3661042 -2083511 44200
1464439 -426977 20646
880032 2844407 2121
-1412506 -2537375 42959
-3993341 1657543 83687
2870756 -282249 13784
-608128 -694769 13833
3956487 1615454 1197
2941185 2414146 70382
3335996 309245 29480
2471229 -3761154 90693
2875411 -3017559 61825
1903925 559278 33953
-451278 -1242871 56275
-3365776 911750 51449
-807194 2653060 52291
-3299675 4057068 49350
-2943800 -2579874 37017
1673804 -1309691 24330
-2011242 858232 81796
-3660651 -373734 40555
-3184827 395197 60127
3921553 -1870115 26093
-1943255 -3906479 19945
-1344871 2569545 90234
2333950 -3862813 62656
-1378478 -2912979 66651
294777 -1275269 74202
2549871 -535967 70726
46785 336168 26982
1778558 -3811259 79344
-498322 3881359 16884
43213 149064 86651
-2951519 1718314 31978
-3863852 3953342 88498
-4111634 -4144127 9104
1517785 2273568 48921
-3189408 -3978884 39633
2888349 -593582 84580
1150498 -2119892 45469
1708327 2183838 20396
-4171276 -1504191 75874
-1025432 3767349 10368
2394909 -1367046 42218
352645 3016120 55708
3220685 -401135 20487
1225780 -2284546 12148
-650484 -587727 89148
-1683226 -4013689 27444
-4153979 3727744 51324
-505627 -3582834 52383
760010 3009340 82535
2932965 485889 39394
-2935086 332803 56490
-1094471 2635709 29312
-320787 1295607 4641
1705056 -526550 48253
-2157317 3885997 90051
-1009215 2710518 83420
87322 -3211029 18696
3470336 -1476925 56528
-1151318 759294 80539
-4017454 -850810 49658
2370866 3589424 4634
-625010 1621944 87141
1572093 3781872 5560
4018514 -3006506 37465
3883349 2386993 55010
-3165381 1852474 7847
1842028 -19697 7846
98812 724121 90683
-3004924 -287499 2329
-2926778 1726471 11166
650709 172574 31047
1805515 137816 6054
-2495096 3362622 28897
1947061 -1885163 45072
2700134 -295388 19030
2485492 -3183115 12041
-1624945 2624356 25244
3898306 -1872387 18603
-2730034 -3562587 32161
3011813 808129 22881
-562789 957806 5207
1729141 1280061 51798
2682407 2960904 22675
-2200031 -3551521 90850
2186845 2944579 75309
-3151532 92523 55733
3149605 3508112 90954
-2602458 -300921 32616
-3320585 -2411217 86966
-263932 3664963 56623
-79003 -617161 6935
-3808463 81490 19003
-2705743 -2954523 77550
2324546 4172362 24476
-3153200 -684921 67349
-1669034 -1655948 62778
2102945 2378810 8680
1935313 -3529877 89861
-1768723 4011010 4004
3375447 -1683223 89140
2749992 2837361 26934
2982112 2617123 27158
-29569 1940792 32801
-1065594 -3744513 17687
-2962279 -2533932 50424
805691 -3527098 47055
-1821703 -355010 15529
-1927880 3723777 4592
4165016 -3615620 75113
-3057054 2066800 16448
3713445 301349 76813
-3136461 938003 75266
-239868 3233559 91449
2511602 -567475 39784
1513316 2890818 22210
-3534773 3816764 52832
2832929 -729692 10012
645194 -1454344 71539
-341016 -1190114 37108
33284 2530342 56111
3159292 1754566 49998
2740729 1601407 43018
-1674320 145099 38841
-4091436 1937825 73822
-2966360 -1236880 31960
1258163 -1802167 91650
-913415 1491556 78292
-1924681 -3981908 12228
-3072014 4102281 76778
881878 2483151 75201
-1773480 3386047 90369
-1692619 -3915080 1182
1043302 1927115 38433
2670103 1431411 38383
1350464 2482716 31402
-3910095 -1701995 43533
3756727 -3939908 8740
1691740 -1011090 10506
-3825213 436200 44405
-2807767 2943148 89767
-3173070 105702 34616
-3602553 962388 43909
-2679969 3361775 2894
2588242 2057373 14992
-1771232 249607 2505
3138005 -3757453 4681
-1726864 -618789 86442
-3467439 2791055 80600
-532806 2652661 57938
3137212 -2607264 10657
-194403 3232878 77174
200603 3987383 37511
857644 -3272242 44724
68112 -4146997 21869
2143097 578777 37078
403745 3704763 82627
1774634 2237751 5750
715613 -1791125 11026
1841725 1380187 71104
220376 2317645 70428
-1761442 -2292645 11465
2617700 2830828 78876
-2155597 1393179 39350
-1409618 -540451 13393
768485 -1018866 29385
-919949 -3128439 38523
897793 -3555369 72017
955579 1969259 40959
-3564115 -3558534 58921
669518 2828427 79805
3647601 -2091463 42987
2539472 -251968 92239
-3529382 703069 38027
3457778 2347361 19683
3024552 -2335029 68766
-3690784 423532 74851
1864898 1945289 77338
3587286 -492881 10012
1933301 -945929 81124
3436792 3740671 69090
351283 1048039 6494
1947220 774653 82923
-3564053 -183288 18306
2371670 -2032728 77388
2619278 -1222254 79700
4009234 1305872 53729
1648168 217516 35306
-4167200 -323002 54320
-87593 -3666623 20151
2034047 -4030183 48217
-3773879 377932 34116
2843280 -881663 25508
2918542 1273598 2577
3494459 320813 2576
1337585 -2490363 84544
1276076 2340005 4257
216198 1370678 11114
3786700 251966 80811
-2376012 -3548945 22496
-2377009 -2416430 69309
579954 -3722337 65450
-1557487 1515778 23629
-598547 -3241145 24350
2431926 -3346106 35640
2853083 1541571 38993
2060439 149676 32907
3023617 -522446 33185
-3738112 -2428978 88696
601303 -1151031 24750
1284649 -246194 59339
2423378 3881028 56106
2924885 2715761 85327
3302815 -3080113 29085
-3627237 2009553 32230
-574107 -3392913 71469
3813031 1089232 34923
-2976948 3973253 37144
3107708 -708798 8253
-2358679 30376 36603
4080185 1987726 51376
-2811471 366171 42724
-209427 784971 23566
-1073432 -658450 45292
2600672 2049083 5087
3723148 2067128 65607
-1686332 -356865 74540
1532327 -2805779 26954
-873511 1152587 63580
600921 4057593 8000
1276538 402790 42286
-3346639 2811249 22955
3806779 -3344209 91115
3738190 -1448698 37254
-3497816 -3564200 10871
-691974 2907888 25526
1327644 1526414 49333
-1123075 -1752823 74612
3147183 -3998801 82636
1765774 2431957 29039
979051 1241961 83431
-3242294 2370687 41270
-2411100 3608207 25707
-3013588 3724426 47407
-261602 1512810 86393
-3982952 2228180 16830
2012394 -1700180 28358
3663751 2114208 39258
-846418 -1152038 88499
-2255083 631342 70410
-3874227 396208 70185
763333 961467 89109
-573794 4016668 57302
-726669 -2028230 64522
2399340 -6734 64480
-3380617 -446673 34765
-3031776 -678735 15587
1325112 2817346 74741
-3605615 -1361961 844
1660185 -3926657 2595
-3847461 2464736 60317
-3717285 -2718470 85506
1680762 -2869577 65911
1943519 2071 3974
4099417 -124646 11458
-2885994 3394627 87359
-499912 -2468733 48860
-3394197 1218633 63575
1052395 -1580482 14567
-4062183 -2542852 49346
-2741087 -166054 38142
644923 2024610 85172
587156 3583764 43906
-210802 -306440 81375
-443050 4044917 82766
1716904 1012193 82967
-371293 3112744 52866
204357 -3672950 26822
-2902681 -3003196 44924
2762846 492775 84154
971785 -2613201 24896
996553 -4103025 50888
-1561229 -1360417 77255
-3134910 -1323697 40442
175414 3638835 35756
1286475 -76128 83301
2137779 2134076 26960
-2938736 1189881 30736
-457626 -3153207 44196
-192777 -3955797 74468
2423368 56485 13918
4097221 2948666 27751
-907787 3527892 29780
2980239 762447 47107
-3117100 -1387634 19413
-2446347 1638606 26150
630042 935437 29194
-2868736 -3685853 67273
2956548 3204063 3757
-2466951 3009453 20253
-2552935 -1379981 16375
208563 -919959 1738
100700 -1942646 26547
495347 -2696044 2953
3342363 1633096 35665
3551192 -4054679 41696
-3553534 2301634 82598
1870121 -1759848 24450
-1192529 -1193590 73954
-1579188 -3419205 65437
3285352 622182 69905
160809 4050048 15916
1172276 -3343892 88537
3745536 2482484 84600
1029055 3478604 15218
3111139 -100920 13666
-1403664 -1226134 8217
2813699 1920640 986
-430825 -3754240 696
4151376 2071939 45417
1421520 3463133 4360
3948955 2956585 83949
-3619588 2007212 68691
-934534 1268464 71822
-1046212 3955682 42399
-154334 282912 64515
153231 -3223273 55505
-1627212 1792113 10272
-777128 3237368 54101
1556769 -2919428 47307
-2525417 1555148 90340
-806493 -3840301 80127
-3353882 -1979003 75275
2747332 1334968 16067
-1285214 1071695 45572
2146844 -272728 10500
-3067645 414781 13404
2969006 3260155 29177
-3843320 -2049869 7024
3121824 1158245 37455
-2335320 -25957 37699
-2554480 -3833330 50396
2263241 -2451525 40290
-3388926 -252678 49836
3652695 -769601 25463
-3049135 1364991 13269
-760790 2931723 50047
1598612 2070547 34487
3348114 2669426 31291
-864855 -3781401 7202
-380471 945581 41371
2775809 -863592 47009
-3196965 -613461 17156
2388595 -466597 63218
-3704326 1243848 15011
-2111031 -209640 10285
-961013 -1050418 48745
2928209 140024 40963
3238126 -2925430 74150
-676501 -622360 72062
3194992 -3796939 43920
-3472517 1218413 72845
95131 -1169250 58268
-4166775 2735255 9116
655505 1446474 84323
2590133 -1932908 80023
1226821 -2849762 61626
-1184208 2071610 5027
3096407 2390755 5357
2794503 25691 60016
1434675 -4040056 32619
-3644354 -3464032 16654
-39756 1190158 56597
-1588577 -2618621 89395
1156574 -2425220 8932
-1885604 3934346 31916
105580 -1573014 39072
-994710 -2470187 46275
-2494568 -846532 38826
442498 1051707 42765
-2549101 -1590315 15135
-2332376 -2787881 72432
3549403 488625 27410
-3860714 556314 61052
-2736505 1764105 33042
1758687 3905643 34792
2818949 3699065 56829
961341 2182881 8735
3194170 2781724 60756
-2107076 -352815 4957
2839788 -295041 22957
3212915 1536155 33879
-4035866 1776851 39137
3857344 3423748 73915
4130523 1278859 92011
-2356229 -2622058 43579
-1485596 1145577 77659
-393574 -2978891 40393
3191089 -3272850 18586
1522861 1136177 44902
1444708 -588759 71390
177694 -1523095 14333
-2439134 -1028439 21812
1942648 2121800 49642
3289457 -1797452 56147
2915087 3506216 44585
2644478 2091372 32863
305922 1830915 37042
50370 -2931442 17017
4145612 1935286 26160
3164260 -17522 29407
-2705844 -3170235 75135
-917902 -283017 3211
-2810765 -2527138 7001
-3057676 1280262 6958
-2287898 -1701527 46542
-836036 -2836411 44967
2564791 -1049159 86360
-1746423 -528117 47747
3640610 -3313891 72351
642077 -3435699 33236
-3276102 803185 22113
3735325 -3324095 69378
3677641 3756868 25064
2825763 -1660081 10805
4137094 1165160 41764
1144112 1062457 10175
3179565 2630224 11892
427469 -1411479 62263
3390908 -127580 20248
3478716 -1292273 24075
2313027 2467117 59934
-1686815 -110389 72683
-3993634 313397 25402
-2394538 -215929 89785
1076821 -1198615 24429
568677 -2221730 73100
1169770 2382007 7388
-4059797 -797439 56951
4108922 -3665072 80085
3352211 -43935 77280
369381 -2321101 78766
530449 619128 25838
-665266 1767274 3867
-1858009 1256578 54131
-2946881 3290463 50084
1255822 784163 64621
3671324 -1017745 65890
-2306307 -2927907 9323
-325741 -3114372 1403
1133943 3014264 2399
-1118280 -687057 5492
1342122 2057627 19711
608180 3900881 45640
-2467676 -1656701 17438
1856120 2806910 70343
3940822 4046327 62855
-2384634 2890834 81315
-2566156 -127950 77353
-2212020 -353964 60114
1133506 -1262472 76781
-3830178 -2972765 26118
-3449808 1677867 39185
1981744 103895 62853
3228358 3915974 38438
3250974 171380 62968
-3983554 -4045816 28416
-2266056 3867866 80281
-4043703 2027556 21717
3342445 3254335 81051
-1343516 263976 53824
1415889 215803 20615
1580083 -2293063 86126
702667 -2084643 30516
-2843130 978477 51514
-3014632 3164206 28204
1001697 -942112 79939
-2509902 2061160 22411
1216822 -408171 30219
2718588 -1282017 90351
1774842 1723206 29197
-3961433 -1256167 17762
-1771468 3029025 69270
4058924 -843058 32375
676707 -647759 87329
3920668 2287538 7422
-2302065 48641 70075
-1054949 2172116 66318
121727 -1805124 33839
-2142627 1122407 79347
-532874 -697010 50936
-1344004 753537 62047
689741 351903 195
2432422 720174 82968
-1564628 -2587229 79938
2891486 -880326 48837
2850977 3913320 6250
2357272 2579270 58204
863924 4078445 2548
-2833762 235777 30435
-2321507 -2894156 38735
-628668 -3829793 12385
4105757 -1317228 10737
-2274282 -1107769 20473
169854 -3254853 45723
-1301325 -3454805 2263
-2533629 -1928775 20116
3591779 598888 27034
1408550 2210938 26187
-2194457 271007 123
-229089 -3323903 53905
-3008691 347214 16453
968017 2513314 47169
962217 -1797703 84276
3864952 -1430967 87035
2777036 1726084 58412
1015254 -4007605 31219
-3440992 -2407652 28190
3101786 -2268810 14964
646726 -2011921 72774
410088 -1546722 39657
-1667537 -3571596 24972
3746927 -1144502 31915
363464 -2426164 4391
-364987 -3417859 32243
1464411 -2170732 56460
885477 -2696749 57896
-609873 572786 2810
232204 3807607 89125
-44984 -3170501 27538
-2862540 3245865 19384
3462712 1803427 79540
3314548 395100 57611
892191 3661239 31052
-3660051 -2340855 89182
-2131119 -1409481 52376
3765465 -3737493 58780
-3903888 -2660899 63299
-1329715 -4163309 77005
-387278 -1284676 69035
-2039807 3108521 34263
-1247001 -3990586 141
2789546 1238033 13378
3282264 3511943 24891
-3356082 1125663 44271
-3923474 3090830 68358
1569267 1194135 80875
-3551187 -2346771 34750
2783762 3385766 8207
-3510856 4033332 4189
1145594 -888506 1816
1806936 2412717 50193
-1103288 4014579 15656
3588086 3301869 88015
-2465640 1836201 69222
2794942 90974 62367
-2610743 687968 72374
-1460836 -80024 54896
3139229 1807638 48400
-2573908 2311205 69706
2806298 2455367 27619
-717855 873174 77743
3977492 2833408 45987
328268 -4043166 38714
-2744107 4033826 19197
3707863 -3142963 3298
-1641252 760131 63037
-1445750 133946 48588
-282220 2458431 55236
-1142001 -1886138 44126
3098471 1585787 77682
3885533 3494699 87760
3967180 2941651 29088
3459736 -3773776 33559
-3071394 -2340797 20950
2545623 -3040782 49997
2752014 617204 2117
2244028 2516720 29363
2077889 -4023871 88759
4080628 2271882 47590
1553236 573941 45734
-3347774 303522 90820
951859 1492300 58145
-3780316 -1791783 37187
-3606606 -3382020 40836
2661493 3600297 41322
2987906 3210105 26417
-2931827 2609677 26718
-1525199 148288 30698
-1385104 3962327 89077
-371991 -1785229 3404
-3257101 920232 8473
-2965977 -2629483 66053
67065 1654707 50357
3206774 744403 42658
-1578225 2634119 26376
-2100537 -2831309 28597
3961926 3986265 49057
596581 -2290022 19963
-3082887 -3839912 9288
1973883 -193400 29642
3702295 1811733 17274
-2392488 -1505464 37384
-691727 1529299 4469
-2585819 402899 57980
3177467 485478 84898
-2345785 1140877 82818
3993887 997415 51312
206228 -728170 47267
3393804 -1226776 50353
4004703 3136776 57192
3608964 3702454 86525
1212297 -3810340 20633
2356670 -2039122 26767
-2416557 2661818 3276
741010 -194567 13845
2225090 -826260 40238
-897094 1588137 79184
3617453 -122347 22374
1532955 -4029466 13243
-2381920 -79009 32102
3394469 -1642129 54567
-3287767 -1722660 80798
2368382 -3082117 18997
-1476723 2261633 13790
-2337133 -131256 3168
-820744 -2342720 37589
1785558 -3994827 30031
-2500277 -553032 32887
2289931 3464455 92308
3880328 -2435890 2624
3218572 285514 58468
-665487 3783874 81073
-3805172 1651609 80713
1673256 3913944 12226
3727851 -2917964 19060
-2028502 2225654 45959
639131 -631445 18880
-601862 2720023 76458
365241 3952573 90195
264193 544937 24480
-2951025 -1362373 4568
-424233 1589760 75319
3315237 -417859 13625
-1993406 -2944235 38360
3919737 -3245046 47838
568722 -4137305 58253
-1398884 183069 77252
-112735 3259437 21336
2808269 -512595 39928
-2914200 113249 49699
1877351 -1076309 33562
-4007543 -3256812 5917
-2385467 2930041 44796
-1552443 3029304 14443
-1785998 -2437011 50873
-1958735 -2946062 1549
832131 2602515 70564
-2113791 -4123025 84556
3919422 -2663436 92056
2425413 2320686 17228
-294887 1130986 82187
-1095440 -1675896 1971
1581798 1301390 28634
-1720796 -2699012 32850
-2375991 824319 62208
-3351952 -3169344 3662
-892297 -2911035 29812
-2098728 -824801 29794
-4103127 -2649891 77495
2708343 1695815 43510
-971714 801514 36746
2898587 -3501043 57798
2108614 -952961 30623
2376260 -4068116 42709
-3388229 2759555 55735
2974346 -1522145 92023
1574109 1618288 75572
-448688 1132872 85485
-3018497 -2657163 81238
3802880 3746185 85308
3038766 -1929050 17566
-796319 -1754924 33802
-1951893 -1205019 78589
-1205702 1072189 91068
2156217 2668299 71130
-4084207 -1457512 57201
390487 -529250 18561
3285282 1949625 31590
-1142262 2125712 71568
-1247392 3575367 42734
-1523423 -1491591 5236
3838995 3147432 656
-20993 262472 67132
430379 -1392382 73988
-3080051 -1763196 51608
-3809913 -3163704 26644
47414 1899954 77320
-2942872 1892207 39974
1895861 -1622154 31590
2136980 -2832045 10911
2515505 2305572 76599
-4051362 -3389814 76371
-1169572 -2995831 55703
1221131 3729834 18499
-2999810 -1720808 29450
-3247460 1627202 67000
17578 -3303660 26470
-1688180 526991 33497
83129 673928 14176
1357473 -2163041 10107
-557202 3317410 20428
2269874 -217194 74709
1139099 2222508 25180
3086948 2133664 38755
3411493 2239280 25151
3337774 2209401 64749
-2542235 3409317 27266
-990016 -1917109 43560
-382244 2686858 24141
-2562599 4025187 43366
4123044 2126356 38739
-3049364 -1864742 74171
-2651611 -3108617 12094
-3294374 597386 43601
1506562 2480561 41795
1673108 1996500 55178
3468058 -3847840 68464
3228327 1934995 13166
1584551 -4081431 30873
-2321902 974257 42690
-529358 -3802376 83773
2506130 2824993 987
-2703767 -1846349 20202
-2242803 2960057 29555
3578574 -2227628 29897
-2945158 2102365 37537
1221190 -2543179 62809
-1584060 3214800 74172
1625447 2886449 85571
2433181 2269807 8034
-565247 -55725 23
-896832 -1287660 60692
1685927 745103 79608
2162899 -88655 24973
-2644310 1312081 46839
-2840253 521826 20882
2365043 1562131 9199
3848404 170525 80214
-2684904 -4150738 36113
3406953 883341 73955
2223340 770485 35250
57413 2265600 44935
-470491 -649581 19249
1588747 -3690826 34175
-1579972 2505782 34195
-1709382 -928213 51957
-484896 454158 19884
-3776344 2406907 76372
3813211 698045 75936
3337927 -2045002 70750
449281 -2739822 60900
651352 -3487075 30348
3618336 -661353 32970
-3783671 -2718117 4391
2246215 -936174 86933
-3331455 1003717 80528
-549047 -1542184 74476
-2001608 2846724 27789
-2114388 2022473 70463
3830249 -2904016 26028
2560681 422167 39017
-672842 -476704 12921
2941583 -824883 16438
-4016743 -1251719 89007
3352250 2462528 16931
-812555 -2824596 53195
-3072291 -1792049 72317
-1728599 -3408986 18829
-378684 3177988 53477
-201460 674852 30782
1122740 3455513 11137
48942 756722 53876
-1280578 -3458057 90065
1689582 -2189805 55258
-1863422 2672866 25380
602409 2559986 47380
-2930587 -1617213 19281
123895 3717105 67103
-1108758 -3964367 6474
-442687 -318035 56933
-2712876 -3929184 1369
1270044 2940627 45916
183398 -3114199 75981
-1653818 1531878 26309
1340766 -3891290 16037
84384 1777928 46844
-1904699 -2814554 59535
-3313582 -4106603 38041
4108753 2926977 51054
1159864 1664448 77415
-2255498 -3487084 51931
-2321666 -1077960 85725
3533902 3519005 72831
-3190285 -1283162 64782
2551738 4123546 44573
803192 2719480 20771
-283324 -2239778 52916
-542400 1020358 54225
2149331 743682 73282
-2594427 3966261 46913
-2892356 2192813 76926
-3659577 1491103 12245
628841 -659667 33516
4142312 3403901 60920
-2220387 -149225 75472
971916 1909256 8467
-2959279 -1683753 75766
-3878665 920508 55598
552232 -3931869 7122
4093885 2307359 24515
-2305865 -2724863 24724
4111723 -3417975 55259
4023965 -3515244 9633
658144 949102 31827
662057 3403164 12458
-1270311 -2406539 37956
905861 -1778600 60607
-917121 -4108688 62353
-487298 -3778172 63208
3429783 3508054 52890
-1605429 -2329165 28044
158893 -2394314 22573
-1285039 -789750 33601
-435659 -4130359 24078
-3836319 -1940628 84585
-2999350 -1791662 43734
3213784 1933237 546
-2312883 2124931 55138
-3689833 1504311 89252
2767235 -588137 12118
-1483852 -642227 28993
-2749954 4012508 14564
-2863 -1530094 8582
-3379717 3623096 54303
1598521 -1347532 65872
3930908 1991673 3074
1687440 614908 43779
-1794863 -1857579 79201
-131799 -428982 40021
-4085696 3454149 85613
2433765 3200523 18171
-759823 -1167864 68537
-1790456 2148192 80644
-2953535 2808969 28147
553986 932609 58889
2055125 2026860 29712
-2842843 -3822389 77404
2635377 -1346143 48518
3362798 -1651059 64956
2201401 -2797770 75973
-2450596 2206856 18523
-2799911 -3164237 10626
3211762 -2836625 12536
543948 2944162 19259
3228545 -1482441 12238
1071246 -3008539 70563
2640245 4107774 11054
-1921292 3665103 60058
762213 -1011414 27262
-65999 2439399 56221
-1249416 1058360 61386
-3705348 716794 35852
-3012226 2820829 27492
-3492887 3593271 88168
-3084736 -1332763 55375
689053 4096435 28314
3959780 2467252 34405
902076 889153 40497
3390048 2969349 61037
1744243 -2560398 60164
-2659150 1604615 26584
296388 2153377 52766
2912535 1177690 60600
3412086 -1038808 8745
-907895 2777374 73302
-3815986 1771212 55625
1562611 936717 73791
1917409 -1338003 76745
-4122092 2272012 53222
2582723 1749073 54461
-555957 3268617 85010
-3960527 -896361 522
-2322064 -3251615 21663
-1014293 399845 26600
-4029360 -1781741 30408
733090 -3922388 21607
1628383 -2435065 16110
2134579 2575833 57886
-624736 2221677 55479
-2347756 -1653832 61557
-1787853 3042790 50672
-1513587 -1452094 5854
2581116 473062 86331
464399 2381312 78200
2532071 -2846083 81744
-3090836 1917067 29409
3563594 1825275 63869
3205181 1883184 19418
2256190 -354578 91706
-707914 3430575 79633
462414 1295835 69536
2074193 574142 27176
-3060471 -2511503 41530
-1008151 3161869 56443
-1721092 1354109 5892
915118 3488654 5368
2745373 4106889 37202
3138845 -3880212 77871
-1136924 1491829 60845
-2515270 2159450 57143
2283266 950835 35546
-2009790 2441676 20610
1179168 -3040588 5745
-3941721 -2210638 6727
1647611 -1870886 54122
-3086607 306702 37156
4013994 1324072 23299
-1486497 3737405 15034
3723348 -4126123 24450
-1456968 2976283 22603
-1042824 2214417 1379
-1540603 -2277253 78208
-3346732 -2961007 59651
3915443 3988507 9014
-1454037 4015514 56003
-350074 -4059308 88025
3934700 -2842150 35236
649596 3183312 78234
637708 -755951 7322
101322 -1395849 15308
2481336 -2709518 18476
-1557433 2621860 43958
-477235 3511428 23374
3419625 -311193 44649
3499460 -2990647 10893
-3223226 -1371982 87248
-154464 -723540 57328
-3415807 -1800230 15360
-837462 -563973 64161
-3711026 3631815 19385
-3398623 -1770215 2251
1882057 958428 61330
-1936715 -2757047 2831
-3193056 3729095 36946
2848065 2678455 57035
-4036501 27322 35412
1779345 738298 51995
3785481 -2812344 68517
-4132183 1106381 18281
-1064530 4014397 39723
1192479 1090499 35622
-3688919 -1664714 74091
-85404 2906695 61415
-3743548 -3747911 57842
-476098 -2358870 30251
2959694 596107 62155
1018110 -780138 16708
-2915502 -835981 69162
2357858 -2347550 29073
-1968367 3030495 12379
-3670203 112270 22304
3408032 4077634 70030
-4062637 197163 35733
-3410661 -2794697 19939
-3774193 1948432 60372
-514725 1764636 57863
1876260 1512790 5484
730208 -3931440 44396
2316420 -1039713 43621
1762948 3714351 76022
-3772239 3589022 35110
2386744 -352655 12407
2590028 2844059 283
-1506827 -3444980 68310
-2756408 3326179 86942
-2978111 341671 40797
-3187855 519666 38380
-445088 63529 8967
-2714425 1605519 86937
1029375 3674799 29781
2967031 4169268 80631
1801009 -1324976 13295
-2432509 4106636 12780
-780381 1318254 72662
-2538608 -1360854 70070
-433639 -242414 27030
-422730 -1766203 62959
-1883659 2048697 12202
1664464 -1997403 2668
2668964 -2734998 38715
1637910 -343823 63758
-618300 -2637354 58150
-2042034 -3021525 89043
2793650 -1570893 57445
2287413 -2872016 24968
1240216 4071805 64227
-186404 -2216854 47171
1036193 3092363 51155
1359348 -2861764 33369
-170040 802936 87779
-4072829 2922065 24509
-2666377 -1066333 16129
-527664 -1312855 57014
3938003 -2884839 91823
954719 2001504 85042
69696 -1411338 47945
-3855009 2657732 21289
-247064 3693159 14721
923942 839622 9556
-3037947 1815121 44407
-862260 -3173566 79978
-2098984 3605157 63787
-1969363 -387056 12749
-2932547 -4122881 20425
163639 2149605 52017
-836817 -179890 81073
-3071213 1207084 55114
4045611 -2048242 39812
-4139476 -3731659 73496
3121643 2327302 15895
-2166544 3695121 51535
-3431181 -2094034 36214
3438966 1123370 53328
-2183059 2510416 56541
-962964 -2178583 43899
3265805 3764826 76026
-1023865 -1214918 18224
3225227 2575159 13526
3869429 -3163240 50600
756131 -1338516 186
-1865968 482978 44289
-299876 1051104 33219
2044295 3206070 19564
-1339416 3810665 81278
3035922 629682 41343
-4033211 -918436 4528
578923 -2805494 8865
-587003 -2370220 22632
2004241 -2559596 52640
4117437 -598837 88191
3762234 -2192690 70052
3486939 -213275 15043
-407270 -3048190 91422
-1056192 -3585334 87205
-1200618 -4130920 59591
181801 -2705050 50588
-3004913 -1663856 17557
269070 3366261 81062
1255498 -3030173 83324
-2981609 -60093 83220
2756201 -1482003 11949
-842932 -1120224 82128
3692610 3229017 8504
-2476473 -536901 15320
-773287 -2610045 5283
2711574 3743995 66494
-408014 3226174 57547
254012 -3978280 40725
-881620 1755143 78473
1221949 167376 45762
-2498555 -803083 60964
-3567526 -1615234 27333
1710379 -3096513 61438
3238885 -2120566 31253
2728520 -1578666 82733
3022754 -654464 18287
-3744978 -3498301 74332
2698168 -417551 74732
-995849 -4075940 7471
-203762 322615 73853
-1841794 -2308058 9119
1928047 2203583 75156
-3872565 -2629791 29404
-3152489 -2972655 78045
-520027 3425587 86407
642932 692314 78285
3915849 -3359729 800
2859342 1892417 82220
-3794886 3935365 22012
-2720671 346206 58568
1580748 4034043 38400
3555932 4036979 36573
1895189 2857249 70626
2349447 -2662465 73832
-2568368 3097436 74305
4090870 1312179 44165
3787801 -2701662 30873
2244294 856390 90413
1333204 -2679405 48541
3189064 1204195 31521
2071357 3271875 56395
3942270 -2706981 3763
2322170 4169807 36413
656182 -2178736 14489
2218827 -1541641 70313
3380084 2147824 18273
-876420 -1775881 82136
2959598 -682973 72998
370432 -4067608 2276
1829867 3733860 42181
-2648961 -1243434 19472
-2283339 -672898 840
1964465 1745429 50740
-3809598 3396509 77504
-3146750 -1670794 26411
-3203806 -76605 60752
1954409 -168820 55721
-1628663 3236067 61173
1497288 2567284 78529
-823714 230256 15022
3211138 4149784 85058
-3450183 -1596917 29109
1663916 -662158 50584
-921035 2003832 38909
-3247455 -2623661 1803
3725203 -766320 32131
-226847 3841610 12972
-2348895 -1921339 63002
-3315779 -565076 41548
-250100 -4038592 42909
-3348970 -1911739 81288
579160 491184 89466
3557788 1669983 42663
2340244 -2875117 13551
-3686759 -3010817 35463
1239954 2160523 46320
-2995483 -3348998 69361
-452157 3779945 56622
796491 -1629086 64434
1589314 -885042 30892
-2971656 -1246416 79394
2176731 -3824512 43399
2369363 -3660491 46033
2556001 -1689449 60346
-2249030 -1696116 71497
-971696 -2172628 14971
978443 -3971017 64407
-1260617 1313709 4251
2027917 -2072205 53049
-2317505 -876630 3481
2866885 -235659 76208
-564280 867061 59171
-1137034 3866728 7728
-3887575 1092060 18138
2651614 -3886904 68876
1909101 -2297128 86631
982026 -1638300 3206
-363723 1450132 47105
3624193 1694500 1477
1942230 1032650 32500
173951 3526465 4494
2426941 -2892397 11309
3642665 1821882 53105
2052828 3770705 40556
-825055 -852978 17576
2924102 1984544 17870
472405 4100770 676
3015023 515970 37048
-2517095 -488948 26294
-884481 -1158397 28957
-2512037 -2435560 53474
2979554 -2146327 75172
3438737 -568482 5110
-2335203 -2777759 36116
1949564 -304518 87682
3815061 -146094 9193
-3482854 1791473 83868
2929821 1805949 73296
-1196235 -598433 73593
420117 -253762 91958
-1357165 -3609604 17975
-2808299 -809019 91581
-121420 1234039 10175
2242844 3398807 18059
4167100 113723 13472
-2376295 2791105 29746
4008996 3444157 9679
169297 1983158 83760
817655 -2154365 51171
-2153681 844585 49369
1001697 -773368 42600
-2235364 1744896 47245
-3953420 -755450 7897
2264253 1914098 13487
-1052459 -280661 22627
2273585 -2896204 36537
2806046 3001009 88803
-3177185 -6858 55754
2521564 3903828 79936
3560395 4172350 73509
-607619 -3415735 82886
1886006 -3898815 17096
1640972 3497449 25846
-3066527 3206982 65157
2955888 3798755 14060
-3094867 2287170 87062
3008712 -3410692 48444
-1982908 -1693180 37798
3750550 3923133 62767
568368 2097634 48173
730080 3002818 32496
-370725 3453734 55403
240350 -1029277 44191
-3098847 -2905289 5764
-1752222 1445797 36060
24323 -1861937 81775
-3848349 -821319 60223
1144559 -2895429 70568
1154482 3085066 14536
3791320 1256400 54052
3526082 -2320521 40528
2817552 2155256 66343
1715417 -2502454 51426
3569742 3968679 90243
1776965 2209891 84105
-3244921 3038260 41973
-598428 2351125 81124
-850263 185832 43076
3370180 302054 73587
157870 -2863228 4505
2169149 928846 46468
-2178517 -2908883 76817
1457036 462481 5832
-4158128 3967357 62579
3625478 -1752087 1994
1634341 -2458980 88891
1724388 2316905 7510
3826206 -3606990 83441
3937577 -922608 30999
2143665 -2919639 76123
-2420541 -2297084 13030
3447905 3866397 31830
282008 -3155876 37227
2995206 -872625 69316
4006033 1572010 55843
-1070360 1543994 53841
-3075289 207631 5363
3223208 3814938 51712
982139 -2992969 70293
2946380 -3574277 55936
2029218 841600 84783
3378153 -2811024 14916
-663279 1634507 55368
1194833 -607935 84528
-848639 3096208 90911
-4111780 1492050 44282
-2717668 2265072 84468
-226058 3921715 92219
-3850542 1368890 65808
-3809409 1705192 15448
2003458 230055 15430
-3689295 3596588 50584
1420013 -588210 87570
2841891 -3590349 48022
-1674095 2515986 61871
1200095 3211617 56000
1805400 -3667751 24814
2339439 1193600 5881
1804682 1181238 12055
813445 -930221 49430
-1219954 -2706114 3514
-2175155 1201149 80631
3391201 -3905254 26693
-1940820 1189486 64567
855273 -2514332 51943
-2406519 -486752 78704
2901416 -3284056 301
477090 3254987 71651
1885120 -1087046 50273
-1430916 -3383126 67203
2451176 2364377 7984
3996022 -1001249 82894
604224 -1386611 7226
1446614 849872 51578
886333 492952 72284
997477 1614790 90018
2157287 2284193 60566
3863300 -432834 69627
3254093 -3101701 43168
3702752 739821 47614
3823136 2667763 36087
954301 4082948 34508
-3351459 3745497 34983
2413368 2623512 44707
457242 2842601 39250
682400 -2669068 10315
-3778330 -1581761 77584
-2138505 -2007048 10404
2473199 3257224 41684
-838993 -232105 89752
2015530 1166509 24138
3296333 -1529892 20026
2522422 286164 52042
-3933545 -2403623 91728
-266744 3101458 59183
-2566280 -1232612 38775
2286571 1928754 65158
4028410 3294763 20631
544033 -322641 15079
-3076341 850882 77457
2183020 -3584324 69634
1147250 -2666684 17032
1967707 1741850 83124
-1248881 -3989820 22902
3273902 -3656180 38947
4118871 3743111 58736
1226006 4014644 71664
905578 2073369 26267
931235 -1311270 10144
-2711052 -54550 7798
-2213959 -3098392 11254
3590406 2128407 90427
2869312 -3963630 82030
-1819548 -4117506 19586
301776 3072847 4904
620207 -1171352 56934
3967344 2286828 86921
540487 216657 51739
-265286 149934 68371
-517213 -2963364 67738
2422165 -48318 84008
281687 -3754968 66700
-1605200 1543173 20177
-2279700 936880 3705
-161109 1033085 83073
-1072593 1025341 16656
2798938 -2336743 78809
-781435 689679 17046
-3780949 900440 51648
1385223 1959250 87122
-3378352 3435339 82259
2410387 3930952 22760
-828544 -1473175 28715
2289313 -2753689 13174
-2004594 -979076 10491
-3988824 720101 52845
-1104583 -3979700 86555
-2597089 3534851 21939
832041 -1795704 88826
1417861 3883687 13523
-4014191 -3578380 1980
-3109506 3212237 74700
-3774198 3872523 68041
-1806735 -2130430 73486
-1013842 -3512415 45283
465722 -989217 72962
1533413 -2952809 10181
245693 -2610943 50181
-2040200 -1494731 39859
1167859 -1531037 86606
235260 529237 84298
2953246 -3363927 81680
-3595662 498253 20563
-937600 -3941974 53545
980907 -1422470 48947
3761878 796694 49582
-738762 -962004 26373
-1100307 3032590 58988
911164 -792946 87337
-1352631 3821161 63048
3700307 -526663 87867
4112077 2383402 67642
-1191202 -2201914 60038
-329103 -3314742 47208
-1779805 -2635101 66578
2370831 -3302422 58260
-3082982 1251856 79035
-3710797 -2343392 36984
-3702312 -42950 57050
-3729865 2473926 49330
-3681200 3962134 1887
-2868481 3242548 57283
-1516014 -2474813 17492
-466222 -3486127 55906
-3367660 37190 31979
3612711 -2591653 8866
2701297 3113697 30596
-3634868 -2643275 67545
3375558 -1394680 75505
-488254 -3162573 57292
646033 -3642892 41738
1551061 660017 10274
2513721 1632201 49658
4109604 3617370 14190
-2169617 59355 40453
-892017 -3060212 78414
-2903310 -4069279 75335
2785077 831527 62155
-1680893 2258038 54172
-3763848 251877 88417
4133710 3504605 28697
-2863580 -547486 22305
-3528857 1988923 33249
-448427 -1594452 47376
-1737 -1284287 39076
2148564 -179050 23442
2068134 -3877734 35435
1151644 -1545695 79888
3175137 221672 49350
-821435 2535324 63918
1320980 1232513 13524
2716798 -3098027 24924
428984 1717021 59694
2093004 2498560 45884
-1745383 3234104 22776
2367850 1336003 35241
-3176451 -3404920 72891
-4013930 -1123058 58833
253208 434697 18858
3222556 -3684074 81283
3680455 1012488 8586
3819680 -18079 87446
-1785414 -2766917 20419
-2470681 -595699 60113
2765595 -595768 62659
2845982 -3279396 60363
1317216 1333666 41595
2511786 612330 62092
-1229471 -3211934 15247
-154490 -3865683 19906
477756 -3368485 39130
332988 -2731961 84092
-3350887 -2789509 49652
-1022391 1321507 38078
-20464 3044203 73671
3828137 -2961257 5820
2717146 -608244 3554
1873945 2618348 54998
-3768281 3362997 48767
-2216183 2684749 43451
-2355286 1151169 89465
-1593625 -2089686 18920
66910 1440665 24404
824056 -2293828 83001
1691278 -1083899 48244
-852565 329887 26597
1891594 -268446 89440
-3853405 -3667411 91761
568514 -3009310 1301
3119955 -62103 88604
1039370 1570112 31993
3896671 -3667363 81583
-3808790 -3369915 83351
-3192481 -1723032 56542
-2170538 999878 73808
3358303 -2128686 83816
1138964 -566030 15736
1656864 1186437 90692
3057320 3371818 28524
2007116 2791945 59607
3684032 -1246442 92306
2405771 -2607797 2428
-3773223 517306 70288
-2613588 -2525040 14809
855750 -4015056 4146
-2393690 2130058 66629
-1732674 2116964 83196
1858943 2318393 17116
-2968522 468802 54649
406688 -4148907 10523
3845604 -2878273 77066
3221985 -2131932 71826
2677704 417066 35550
-4101303 2159500 19637
606772 -2692371 86774
-1572735 4069524 15742
-2202802 12148 73056
-857272 2807239 56973
-1465399 3311065 46688
-3988341 3443186 20307
2075661 -3615566 32162
3910121 -3136254 70810
-3396302 -690552 46768
-2139009 987040 20158
2504267 -1005212 26305
-3524258 -2574598 3999
34319 873492 9993
2313531 3825115 7346
-3658936 712155 81764
-2874673 -593025 48917
1968845 -3368112 8515
3359674 -3236663 81540
-390074 3323670 76902
-542641 -3341209 77541
1167153 672913 6285
-1190810 -3913495 84741
2055306 -1579699 44019
-4061706 -2405064 38879
-2348622 1069360 75945
673183 -748355 33744
3968693 -2058842 18738
-2425382 1057942 64528
-2338453 -2744402 48760
1300280 930568 19860
-2930575 440794 69918
-2119838 -1427977 86942
4160259 1113103 62933
2699146 1671170 29845
617790 -1185763 88276
-1444907 53396 21554
4107043 4003589 77327
-3981244 -3301975 86076
751632 2469560 47452
1051333 2646618 30462
-1933725 3837816 57382
-1548075 1097156 41786
884211 -300277 66038
3739656 -1252313 87948
816584 -1279915 73682
2895560 3538053 68516
2444525 -3704547 81828
-407824 -2351062 31287
1825140 892620 31278
-383274 2382515 60143
-3422878 2314160 65687
-1748512 351053 54959
690111 3479521 74223
467206 1032542 92307
-2408746 -2893386 81999
2332535 3067216 30578
-1400825 2318986 42779
3207239 3275521 79423
105268 -753 87820
1994617 -928967 3532
-1038223 1140605 57334
-1818024 -1656761 71366
466531 582827 85341
3342403 -4143676 48194
-640808 -1897937 73149
1476812 -2430585 87869
-225668 2170153 107
-747720 -2446290 23992
-3296151 -701606 22274
2136424 -2984777 23036
-6112 4104832 44169
2904941 -2684374 70494
1117377 61263 63617
4030774 2250790 81522
2164977 -2125138 62544
-2193190 -2499691 20060
-3850435 3811027 58508
-495421 -3400715 89734
1951774 -2902148 63696
743561 -2901 87418
3814943 -479540 75048
-329661 -2754686 49339
-3834720 -1555497 90805
2648156 -2715555 68682
2583169 -81509 89493
-2956790 -336710 24414
-4094500 -2882865 37722
2329178 -1862659 23682
-127820 -52428 53747
-1846742 568738 89280
3778478 3640374 86510
-3005539 -841886 43919
-3191628 426053 41538
2273461 1933622 157
-1934345 1220817 60690
1395850 -2145632 68199
-2551075 -945036 13300
1442109 -3369970 29486
-1428928 1355476 55441
3850566 2476434 36560
-3374726 2839767 2020
2089209 -1490628 35221
-676979 2990359 5516
1438372 -1096315 36626
2100545 31505 60560
1141995 3117353 79617
4161494 -1949620 68778
1786205 2705130 65981
-3545096 2134446 89053
-3460978 -2272749 61254
-1320360 467141 89819
3823355 3342893 88099
-1981909 3932500 34130
-3733887 1225901 42322
3282677 354377 89845
-1707477 3438921 15904
3329183 -379406 91370
3780194 -3634811 75803
3516775 -3618457 12380
-3397938 3859457 68568
1826855 2904972 16511
1555190 -983014 49068
3385448 2475922 26370
-3552208 3414168 49886
737198 -889950 51100
-3709382 2648794 89806
-2775861 -3175649 70715
3576131 330819 2426
2216558 -2040190 27909
3232105 1436150 82385
1141132 3778716 33703
-3245462 -2654818 70267
1909372 3310954 9136
-2980885 2478083 45668
-410216 1748108 42815
-657433 3218383 71970
3141798 -3487692 26615
-219097 3670587 39775
2881674 865395 76452
1599561 1544115 37557
-1827313 2804972 4204
3919126 592927 82541
-693942 1852808 34597
2181171 -259948 34588
-513202 1213802 24150
1263002 -1808889 77289
795784 -1754092 26555
-3009557 2013012 59547
300957 -3171263 68641
-1489661 519828 29158
633827 1974805 23308
2000071 -2503926 60882
-2468160 -3250128 60672
3398624 687006 74281
-2861159 -2917173 86486
-1172672 3937784 10656
-118843 2340725 61353
-1752869 3046169 32659
-3033859 -3670205 40750
979825 -2405568 55795
2170741 2490835 66504
-1112358 46079 29819
2160254 -1175585 38187
3765735 -3705195 56685
-3222127 -2182151 9478
1843845 -245437 82431
-1686803 -1975650 84996
3397761 2140044 24105
-2351284 -3456474 25103
2570416 1120618 89863
3751182 -588617 84570
1279522 -610771 21067
-830552 -1196849 57706
2713652 1792271 34517
2215505 3202838 74031
-2951786 1155416 41637
2748458 -1980588 21865
2108872 -3697101 5571
-538438 -3231921 53386
-3192521 1712626 42690
-4109239 803536 47158
1572427 3415577 66204
1297329 1195232 83070
-3114142 3576573 39160
2502936 -1401913 79914
2461979 120772 59136
2473415 -2368098 19084
1581897 1362229 23941
952404 -1133647 18854
-1768218 3717835 12763
1270582 1821316 49190
-3702893 -1594241 5547
-1063537 1879992 21428
-911641 369527 42598
-788115 4026102 55472
2784031 -2838672 50274
863931 -1025484 57791
962602 2581144 51515
489166 -3500302 41112
-2409549 1591063 58625
-2497940 3847277 90695
-2212985 -3270657 47368
2296321 268843 36469
-2752722 474546 4365
-694555 1865003 67989
1668848 -1655640 21742
-2352093 197536 87665
-733349 658986 24133
-827208 4035820 89745
4161462 -2456583 85919
-1808408 2405290 57394
520130 3000177 62953
501018 -1864102 35261
-1798691 3570100 53457
4098798 -824799 73910
-1969897 569445 40875
-1029782 3402088 37452
-2864166 3918736 19393
2236422 1308399 56884
-2666643 -336443 53323
-777239 1192711 21600
1450460 -3531523 42083
3076955 3373509 15715
2258713 195395 22575
-3607738 -3732583 88498
1408943 1595554 62923
3951661 1700798 1724
2487509 -1561109 27123
-3926539 573083 18353
-2126525 2786982 56244
154429 2783525 38593
1735978 1390247 36718
-3117322 -3091979 55189
-954852 430039 67351
-766738 3253456 68020
-3214926 -1209427 87621
-2498768 2996329 8599
4146392 -1728366 66869
1153609 152014 2910
3694712 -914846 10181
-1211434 966370 610
446766 2041028 73272
3569998 557782 24094
-3300505 -3347616 36584
3473690 545717 22969
2739007 -930807 41314
1960576 -3168009 89860
-1589198 -3350952 42296
-2538231 2759191 33387
70803 1574261 67797
3726169 2432714 10363
-3563174 -1974507 12755
-469462 -3600090 25613
-3220902 -973169 65849
-1924408 3906606 2010
3047339 -1972200 82900
-751557 -278449 17817
-3336340 3001287 75748
102297 1634051 55143
1116127 412133 74305
-3792303 2589285 3511
3171335 -3562207 19230
823472 -2238107 32089
207087 2154529 90283
1927896 422903 49899
-2996379 1919100 28700
-2121288 1348974 79014
-1908126 554305 73476
2236424 -1449933 29484
-766943 1144868 7054
-2424337 4020937 36202
425439 -1732343 34121
-805509 415601 50441
-1030241 -3978962 83752
899794 3279814 34492
-2459228 -1646521 72692
-2845135 -807545 87943
3588330 2430150 5373
844741 2538533 85995
678141 2423315 41616
805215 697712 36061
4111148 2571613 25072
-2244930 -1037613 21426
1009415 -1428840 76056
3723672 -3323711 52251
2103473 373821 40724
611154 -3191582 23661
2470944 -1109396 38117
-126569 1408344 3687
3118495 2971766 6177
495665 3648114 67142
2873628 1588804 33048
-3933920 3814964 26052
1823279 3515432 85806
-3518883 -2659246 4649
-409039 -1521346 71191
2807505 2594663 730
3836179 2372343 78152
-1474230 -690175 86919
-2205330 1469920 19046
4013136 1992360 86802
3566967 2901524 64458
-3575340 2951522 63523
-1175545 -1124110 53150
2516850 -94205 62548
-215816 2142277 80047
-3338190 -283116 3053
-3724092 1932314 27432
-3576951 2815308 33319
2086566 -2838160 78710
1781617 1393975 75732
546928 -4024763 30267
-2673146 3797016 76918
3833697 1632277 88509
-982427 -1413399 35911
-2008227 1028956 82
97301 2766572 80025
393714 -1639024 48281
-1731262 -129596 55818
-1924461 -1813892 10512
-1302172 3287470 69320
2670348 -1749430 90438
3516795 -3360503 76153
4024865 2826904 1347
2019996 2425178 5231
3877111 -2929284 57556
1388398 4062129 66243
-2789575 3198975 18099
-3846500 822180 36582
3606875 -2498818 74356
878211 -2289131 73743
-3507072 2256276 70808
3447536 529095 68151
-615150 3390903 69555
-1382921 -4071359 7495
3623668 -3929178 54705
-1703687 -745210 5969
434563 -491167 88188
-351027 3695783 77317
-1572943 2397844 43987
1901188 986009 82834
-2679537 1812536 53120
-2194582 -2240525 69798
986068 2105580 969
-678152 -534456 88677
1813340 -3542605 68236
-2524013 3631602 81204
-3950407 -1984946 86135
-264560 -172799 55953
-1519198 -2675443 28931
-1532433 -541303 91771
1946239 -2069710 85180
167980 2262499 26945
1250649 -1621723 42456
-3791115 375106 80932
1856236 -2997082 88604
2122078 -287116 40280
1526924 -3750491 92
-3430859 4132165 44895
1104109 3063642 92310
-4092796 899945 14610
-2093200 -2241882 45608
3084127 -2157146 91242
-1996195 -3569729 58395
-2106216 -245199 20194
1080194 -3574548 12408
-1768595 -2431012 6252
734863 -747869 30113
-1106388 -475034 3791
-1990488 -3621145 55400
3064926 -1888811 50239
3232768 1233772 9768
1191386 -3708987 80030
-418310 -1513359 51637
1434142 -3804962 85285
3716154 3755735 72497
-450211 -2530681 57539
-3336268 -554779 80115
3951944 1069353 65775
1655061 -319273 90478
4071546 -1498671 51776
-2311291 3040600 88134
2803145 3673764 49534
3127094 3394994 51086
-647309 2886407 9000
2782680 -3996243 18402
3457425 -2797889 66750
2858149 1414607 79662
1430368 1006746 55656
832303 -3036407 22005
-733519 932888 48046
364815 -414638 89136
-3587877 -3535272 34430
-3280777 3356310 37623
-3246026 485410 78157
-1458534 -2520126 1512
-2050769 -1145532 52550
1235357 -2298780 39310
1999527 1920266 1918
-2210450 -729867 10545
-3244102 -544130 56220
1717221 2716366 34546
-395589 3560580 28545
-3993879 -3011064 66570
-198679 3923032 76984
-636192 2497228 43318
2766533 -1232827 67821
-2149396 -293648 47682
-3432866 2713109 61739
3359584 -1591245 31735
2115759 228181 63886
-2007398 -777237 47737
1732602 -650414 12968
-678305 -3498376 80926
4116402 3145227 39351
-1875930 -2613094 13742
-3766761 3924027 44953
2758870 -2035771 56332
-2148640 3725369 11408
-3263504 -3819431 81888
-1012468 2118308 25201
2378654 -13729 43127
-2521456 3465320 85928
4123194 -4141937 66216
-1819680 -213873 13405
-1652980 2888467 14115
3983626 94912 28682
-3405342 -1604997 17055
-3518350 -551284 54756
2161894 -215664 86013
-2162847 596854 21793
-1834666 1050890 51604
2056325 1809130 74293
-2394976 -775496 72438
1963587 2647757 82900
-2391296 -929142 11677
-2311509 3838772 60336
-1501996 -1421118 13084
4121293 -934157 21372
-3062493 778525 71161
1900250 -2731981 87568
-2443688 1884378 73763
997059 -3853799 12858
-722292 -2996419 43775
3061332 1708930 62069
-3517626 360947 52960
2381107 -1862346 67750
-1845876 -3226952 62364
2062360 2365258 7229
679010 -319783 66810
4054052 425303 29996
-2422022 906405 10261
-2427382 -3953281 31330
1031325 3041930 11697
2665274 -3277790 36678
506528 -3265922 19778
2189393 -1484793 31789
162763 -3680642 3841
1827471 -4070113 34880
-1230921 -3585580 7187
3543688 -1081649 86923
-3162748 122569 741
-1945650 3724135 71816
-2875637 -976064 82995
-2113161 64858 68276
-3327716 2958482 87443
-1980157 1393057 54981
86645 3135132 88203
-3898807 4095834 75301
3522589 71925 85351
2901403 -3308758 91319
-903985 1466377 4462
-2914880 -149360 4514
3737539 -4090428 34283
-16476 -3002601 27306
1977024 -160554 66121
1955451 3680032 20126
-2020380 2861907 10744
1030661 -2071313 10053
2484186 -3081318 34012
226640 3368327 73450
-3392721 -136760 19482
-477558 1276937 3364
1332807 -784296 622
-2201196 -2076101 71986
-1391093 -3025354 90488
-970284 -174029 84393
693762 3802615 81297
-1835594 1033242 28887
1780456 1137843 64397
-2074910 -2913054 28346
2085216 -1671062 60311
442871 -4131575 21436
-1315957 -3996468 64556
-3330349 3952517 80126
1425477 -1221018 48546
-1444783 3714896 9743
3255809 3620922 80244
-1086723 -2895959 26713
-3081945 -1430162 24640
1428707 -3602444 43192
157906 -2076472 73595
3114063 740974 26590
2008029 1183556 18745
-1606524 1111834 28647
-737103 -1347807 51725
3684917 188290 15230
-661538 -654358 54550
1541055 1251002 4124
3606896 1241290 67463
3241291 1694636 14470
-4046986 -2993852 11742
1401722 1408720 71503
-537193 712793 47501
-3412063 3156582 38384
-1304509 -2015627 83074
3275295 2701165 58548
-267860 3916486 76092
-92479 -3680386 42410
3474567 -135907 49675
588612 2936707 68079
-1062970 2815867 1770
-1453570 2567824 66633
3245401 -1434240 65492
2123607 3476082 9487
-93721 -2719242 19089
-3006883 -3319687 70714
3083466 2482667 43284
-917837 1534870 69529
-4114299 400130 90327
1691 -220201 71762
-935611 -2765833 15375
1697103 -3829603 47271
1203177 -3725889 15887
2352624 -2912767 79208
103841 -586847 60249
1530135 3262232 20904
2096967 696020 32784
3542317 56873 63174
3229123 870510 19967
-1279029 843663 21183
-546201 1801908 34615
2340980 1752417 33609
-3576908 -2841980 41909
3655602 -3328668 15476
11
1731 61474
1709 49700
1069 56822
1120 5215
857 63682
1453 89758
92 60195
1260 8412
260 56855
1928 44815
400 26528
737 670
969 972
1513 1473
504 614
1426 905
2020 1528
491 1616
1826 218
141 1707
813 1428
1077 842

