1699
-204532 -2561554 10016
1379061 2238944 42625
1380092 1771760 43851
-894558 119917 59649
-485736 -591130 20892
1441836 2857164 15619
-892828 1236429 14277
506818 1483009 54565
-1388289 1757463 8065
-1815101 862188 38095
-2500904 -1523532 20153
-1455537 -1214712 44801
-2255592 -1881794 66957
1062197 697022 61232
2266644 -981334 39223
730757 1034889 16258
1978873 1670801 8015
-1485286 1248408 11174
1327401 1597977 54191
-1285513 2051093 55342
-2414084 2773143 64978
1585090 2356731 41119
-1999882 1080999 40327
-1801899 1865659 56876
-64434 373469 46773
-2374713 -164680 57599
-949482 2108574 35855
-2510390 -392929 19946
-1473533 1275269 42244
-2659144 -1342974 1835
1982903 -2035798 32449
-779732 169458 56005
-2873751 -867575 7014
610 -2494754 42854
-2217730 -184340 22314
-1547141 1078678 44125
-1801183 2397073 8852
-368553 1673818 38086
-867865 -530138 19253
-1234401 -2057357 11451
1289597 140923 46628
-1057851 1031153 29817
-1381564 1584158 56674
2404452 125127 3652
-2613981 838058 27715
49648 1655289 53746
2601280 589532 10159
-2823016 326939 8346
2247787 1524523 37060
-2548348 955311 34018
-2562723 -2443747 50007
532673 -2541648 1793
556091 1893358 48548
-2882934 2565915 51675
-2285248 -1937992 37650
19589 1609463 10243
-721064 -2098638 60603
-1580696 -1087910 4557
1887436 -1325260 11801
1223187 538193 41936
-430897 -1764670 58745
1713940 1836843 57755
496269 -838951 3820
-946695 2370706 68048
-82352 1909251 24794
1629637 -1414384 27862
1004941 2686489 47116
2285287 12919 23520
1718893 -1174598 8558
700933 -389964 55651
-2254987 1143244 21557
-1204279 1628015 43282
1984085 996619 28611
-2107412 1711289 17639
-468025 -474272 24034
2058580 1207166 35663
-1200453 2718658 45106
-718504 -339800 23902
-569639 -385248 50900
-1267649 544356 22103
-47724 1208809 46112
-2843996 -1124060 25332
-828356 2302085 13882
1023159 1826268 17382
-586855 240149 51334
-1096454 -2611768 9014
-987201 -2373072 50440
-910933 2677401 63897
2079348 -1936810 38941
-1271487 -2614531 24733
763897 -1485939 64375
2187162 25561 65223
-2179407 490032 3865
-1383437 -172102 35627
-2097471 -1692853 20724
1250699 -1708651 31253
-2014278 850599 15783
-936920 -1176473 63560
-2712855 2513617 33568
-1355609 2331393 30057
2373880 2620195 14279
-2757 254083 61493
-2180870 -891711 38161
-38035 951069 40397
-340255 -1739537 61401
780775 2162243 40621
1820655 -2044499 44154
-1587726 -2393808 384
1840327 2425171 4630
-1553491 -684085 40854
1052519 2165305 41382
-692401 345586 44193
-656132 -2347413 50268
700410 -1172389 26958
375419 -2321199 3375
-2019007 -2648060 32551
-530724 928311 29586
-858490 -1523037 20025
1276864 2441057 7977
-2424968 2810129 20499
-1705824 -2738022 51156
-1331846 -1037792 33068
-2453048 2327790 45658
-372113 375619 62055
84005 -470547 41333
-1576325 -1432190 69088
-524705 778544 48226
1129150 -362821 31707
2705462 916620 62284
430351 -1983830 48802
602700 1721405 47195
-955385 -606705 18783
-1863161 2336619 57179
-769309 826909 255
2783451 2645428 20368
-817758 -659940 68971
2783863 -666847 25288
-93742 1237621 65877
579419 -309722 26280
1176403 -908201 6884
1964148 -129663 1492
-1588942 -1471829 65074
2539913 -690262 34211
-234568 -276020 37784
-2774475 765478 53007
2342596 -2634653 47801
-961280 -802530 22728
-1228943 -1073641 66607
-2388051 2353472 31898
-1200267 1619804 10292
157196 -1608603 27654
-2406075 1989438 41274
2297444 -1443191 58436
-1163237 -2828579 35682
-2839482 -2697365 58719
605944 1350734 24308
498565 -1705589 18008
132568 580122 39020
-2346357 1548299 9969
-2567429 378204 4693
2148664 1889259 16134
1645914 -2446022 65196
1267972 -2294577 56113
-1803369 246746 19254
-1578199 -2565746 37646
1425019 -999772 26689
819199 74470 26475
-355125 -1645113 42538
997689 -1699395 62392
1032293 -953776 29783
-2105505 289942 52870
1987841 -820462 60039
-2398457 -1854581 67600
1082152 -2093386 32438
1353482 -1306022 69380
654706 -2805243 9349
654393 365747 12680
-2868620 -1177147 65428
-2628670 -1052259 69763
1512070 2661380 18135
2680559 -1951197 25308
-1503976 -1014111 53781
702395 -1173308 16953
-2727263 -1456605 13265
-2381561 -2843029 7750
-823600 2215534 9332
-2002318 1455541 16665
-631145 -1583896 58555
-2568477 -1466736 25247
206609 139683 23468
-1614833 1438896 64319
1519121 2077431 21824
2839037 2031122 36753
2687547 -2257033 65723
603862 862008 12289
-81060 963841 21112
553060 -134061 18250
-390556 930898 5842
946761 -2589520 54945
1908413 2500672 60117
-1492554 927798 8154
-1227695 -1847639 26479
-2530061 -2007239 49264
862439 642457 4452
660465 -2423713 48938
943351 1125213 175
2071879 2407925 3034
-2653240 -508286 66498
-918859 -423361 23484
-2061938 -2186989 65995
1590302 -1060453 41835
-502073 -2125302 51319
220914 -980428 40411
2286775 -1747269 6012
-25172 92696 24758
1691336 -872191 16440
-1553298 -2462215 32043
-26665 1946494 69516
-2524466 -1935358 7954
698343 525753 50948
-737036 -327867 41511
2679344 1244834 18608
2043479 456610 61968
-2642045 378377 25758
736177 1121469 27042
-2033977 1402429 59239
271059 -674081 2194
2387903 -220732 62414
-835207 1195641 11111
176367 -1107990 6281
1484012 1741357 68939
-2686490 2586414 66618
-890851 -1023975 61509
133611 -1502580 37643
-1801587 -981642 50278
-92291 -1315253 52703
-2197367 -1128875 67445
73852 654874 9145
-643666 -1485601 37348
-1736546 1555724 40611
-183725 2499089 14457
-2222400 1688743 6359
617357 -2794349 31430
240356 1465503 6780
-327168 932898 62265
-2643181 611676 33400
1172075 -1867808 31761
483414 -1768131 43707
-1503216 675343 26783
-2111741 568553 54794
-1003868 2004616 3600
-1494477 1955029 34659
237283 2651935 29378
-2661769 -1150432 55552
2067056 -1602621 28042
1948351 -336928 46951
-1318958 2212207 19899
-841145 -2824488 13353
2333517 738731 54898
-29551 -850312 37913
847829 -465293 45847
-1770610 2170405 2285
-406714 415979 59093
2684014 -1334951 30963
-1101510 -1847948 40718
-1797277 -1895118 42286
208596 -1943775 40142
27110 -78598 57859
-2514912 2805353 41178
1854472 -891078 41931
935286 74905 56721
-2791975 1594901 14944
1691932 2367778 3113
1754815 2088915 44363
2650005 1689066 18786
-552878 1634362 63184
-918253 -31007 69454
1742689 -230401 36980
2464210 -2527407 40877
1451183 -1093996 22802
-10858 1151585 22905
-1820986 -1783427 22619
-399374 -1104684 35911
418149 2293277 64028
124221 -448831 5085
-1191444 -2263390 29064
120545 22516 65181
2410598 361758 44761
-2245236 851551 41787
122854 -1272777 58326
-2864078 699137 805
-498507 -1768688 9233
-247892 2103106 44647
-339293 2158964 15254
489515 2388340 22612
-757163 629290 15731
2350119 2754675 38168
2610495 -1841010 28394
-1330004 -2204963 15757
-1362160 -2092048 63342
2627255 -227287 62707
2512971 -2607374 21039
106175 1291861 29914
1061842 1264151 1250
-2315155 248577 12550
-535776 -125109 53200
2597616 -1039157 65443
-1299725 1881846 29216
2752003 -2763331 42009
-583216 195884 44832
1888834 -381484 26806
-1331835 -921556 49277
-2588373 287208 57665
-596747 288731 32876
203202 1453285 53193
1505856 -176544 6776
2422629 2496439 49162
-517632 2309423 66449
-148024 54399 10958
2440335 1741057 44866
-2721656 2603336 63061
-1321517 -2713649 58952
-637530 -730524 12943
2293829 -1965185 58619
-2460672 -1876752 12493
2835905 -1492185 10996
-1738855 -356213 49645
-283201 -2245215 49061
-2266159 1838471 68864
-1209467 -1323735 53122
1240123 -74870 61429
-582936 2720663 39489
-1026475 -1028987 52694
796021 1487025 53371
-1225573 231010 30526
724059 2121563 58899
-1457304 -851302 13719
913232 -568416 877
2847603 2318632 25140
2871537 -2081188 5447
-2235775 2422830 69350
-314800 -402791 33000
1121886 -1876258 22910
2630776 -2240199 67725
-30551 -1326168 28189
562469 -2672513 22317
999016 1907085 34283
-727999 172629 6864
2830904 -1543396 58392
-495854 2288653 54410
2165584 1235234 57473
-769586 2365679 35821
-221092 1885943 29481
-1434664 -2865281 34633
26808 1715410 45787
-1471852 696221 3871
346504 385825 19047
1974838 -2045462 25402
1497745 328829 61390
552407 -953222 16433
-514903 -2032470 12190
-904326 -1081636 66007
-94702 -2534583 42962
-1598980 1391623 32761
1274479 -315256 31485
-900418 -687300 62245
-1340024 -2197457 47022
613322 -203191 18710
-105806 1647009 17223
-2422680 2047371 15820
-2780424 1225860 31279
2540481 2188730 40297
2068791 1895647 9313
1128874 -25173 42260
50575 -1159951 22240
-1223216 641765 27605
-2184806 1317654 24472
171876 1917679 62563
1342159 -1755404 46700
-2558182 -1788692 31864
-2200042 -194177 62464
2172296 -1053597 35334
2386454 -327464 11700
1482151 -1860162 485
-2094913 1786671 25013
970375 -2543382 47421
-1567702 -1060839 29366
345769 -1861809 69951
1587794 952739 36485
937244 -1667013 33482
-1671305 -1227670 36151
-445667 -1263390 340
-1501246 2026798 53517
1764811 -2504509 55713
-578503 251524 54552
2533478 1616512 33899
-2196255 1393637 37333
-1873984 -2247381 27417
-102445 542176 47149
1772716 2881727 41533
-1241458 -2614510 17863
46396 2666960 53865
-2840800 -740245 64841
-1087797 928587 35266
1748901 1999908 61988
302958 2480538 57455
-656485 -2315885 49570
2162754 2202667 65555
2802412 1390670 43708
-1428585 2122084 51060
2254895 -285774 31599
-1455994 -760095 33573
889305 2444913 68975
-1845166 -378555 6188
2307784 912297 32155
1004112 892248 19839
2374528 -861102 24695
1777938 1472411 45581
-722765 4361 44893
-2618734 286772 35346
263396 1828656 41154
-1972198 -1755224 50083
-584011 -1391531 17754
1417229 876210 15353
1913948 795268 36063
84257 1373792 48606
-1193042 2633149 20509
-510430 -1938444 44939
-321393 2786687 30760
1289940 2022227 4527
1593301 2094968 428
949809 -444085 1564
1582828 1951586 9872
-2449840 -978175 47876
-281640 -1972999 53784
1705634 -639384 60950
855903 1271942 34853
1345230 2817075 35441
-2859783 -121077 45963
-2841847 1556929 22809
-1970908 848469 34765
-2489489 -2859417 30188
-1944202 349600 2814
-1205771 -2001603 65378
1906644 1346931 50480
285927 140152 2701
-1544570 1294674 52619
-464080 1011305 43099
-1278346 -1282376 44732
-1889892 2138734 52034
273003 800953 40330
-2866180 595427 45669
2495230 543487 46950
1289887 -573211 52947
-1182246 -356535 56238
-1554158 -2615700 55387
-2698780 -120311 39986
1524085 1798300 59668
-2672884 -445943 68311
352117 441648 43817
-197618 33020 5846
2072479 -1299685 55753
-2387384 1549321 53864
2267856 -425227 10143
-1902540 1090328 15355
-617050 2251198 22788
2318621 -1431084 17313
-2636647 -344108 9437
-2336026 -2229544 17613
-1186257 -2234411 48440
-1769027 1552240 51254
2045568 1327560 33521
-2265367 394091 39939
-127647 -1091705 29189
596868 446833 22464
418811 -2048516 96
-1611562 2610676 2930
367619 -2156208 63109
2485657 -1307172 8322
-1019833 520589 65659
457567 2354742 43721
-2333416 965020 12824
-264403 -1924883 37336
2532887 -880755 45050
606608 -1606503 34561
-1532488 -2607333 63232
2773566 461419 17668
2235075 2644505 45736
829499 -1152260 14694
1867573 2379883 57545
1944712 -1524294 64756
-2145286 -430095 65798
-2673712 694322 34300
2603321 -582567 51991
-2744692 -618511 45907
-2446590 -1349303 62536
-2533061 -1191455 60772
1482993 -2602749 42715
1623955 -105877 69239
-709227 615172 61038
-2083300 -2434739 16955
2009854 -540825 9448
-1540823 918943 63427
248462 -113640 39207
647847 26926 46551
2835038 988466 15554
-840728 -1724533 17718
-2739632 2720351 47162
1643574 2248681 63064
-1896343 -553776 53169
1652778 -567119 18737
2569880 -1589968 7605
1998949 -2838613 38566
-1430475 -1888576 48586
-2657440 1121965 45663
-1709685 2090486 43048
2287860 2309501 46422
615790 -1663879 8776
1993439 368868 6215
-735946 -1732194 13975
1110222 -2798903 35951
-2729397 -2268237 40970
229916 -1792181 50618
-584359 2692967 63246
-869783 -2311175 59571
-2059100 543638 28732
-551201 -589073 1216
388048 -2388 44691
-2082912 257353 49709
-2019655 -1019780 15468
1372337 -2203551 4373
436219 2625405 33896
2876583 -2013914 61871
2733249 -2358919 50612
2656123 876277 20275
-43154 1011822 17184
-1498302 -1872027 68222
54142 892368 63928
-1082173 1584609 17923
-2785586 -831880 40772
814465 -2363155 25868
1654204 -2212272 43601
168742 2230036 58591
1502953 1496705 67847
2309609 275740 66259
154219 2595827 14271
-1115515 299019 33346
2578643 -1442790 44793
1361479 1228495 29501
-597806 -1307800 13140
1152340 -1491881 13277
847327 420280 17526
-2608377 2386738 23963
-1180025 -137559 39104
2456771 -522803 40498
1039290 2394321 1089
-1794342 -446870 61703
-2079135 -2826604 56827
476716 -111050 55187
-483357 -2353628 52693
107741 -2088256 58325
-754472 2033702 58590
-1920152 2025822 50699
-2707893 148622 27452
2654095 -1604683 30921
80056 -2696432 14320
-870715 -893020 12128
-1091183 1355724 36736
-1033608 1691065 52792
-1537868 2414470 69269
-292952 -856851 8521
-2463064 1200144 9551
2285155 -1252461 6534
1946716 1423873 46336
-689949 -762013 1524
-581726 2662901 67046
-2839476 -2547704 18852
-1945998 237669 69879
-2247893 748704 16780
764898 116530 5045
-983317 2600751 3031
-195158 -530498 55962
2097342 -2645001 25384
1905168 -1300774 844
1451231 -1494132 17144
-2102638 -1230763 1790
-853076 2540459 32031
-636481 1725760 10632
2371681 -2653053 34852
100865 467967 64752
-2175775 1867803 18155
-2378689 -694193 11651
-401519 -2326252 5813
-1579622 -2214630 10662
1970936 -234317 53308
1725035 -32772 41427
-2422723 2379304 31201
1195896 2212196 2288
2319716 17806 32099
-381837 394627 65407
-1872875 261144 43620
-708056 1669386 29587
-1889914 521889 25065
244088 1484882 33783
2047246 -2399577 1518
2145969 972805 39088
778402 2610334 46070
2087647 -2430690 51722
-419640 -1735636 17003
-1095447 2302435 22267
1766946 -1075231 16524
-1159723 -2581970 45198
614115 1633741 24607
2146925 2860438 65480
1572582 1631623 65734
-2298084 2853553 3030
-1193094 -1253178 36189
-895610 217117 11688
-2211186 1413000 42733
293261 -668908 64278
663103 -1511394 11970
-46237 -2010442 7762
113304 1296825 8261
-2556797 -2074214 29899
1267408 875668 12764
-1644335 2017736 33273
1513905 27431 58924
-1222206 -2548351 32040
-2074286 2561356 37741
-1921552 -840713 36131
-2340806 -1682970 39108
1351425 1085038 45573
807286 2777272 37223
2504784 -1536739 17268
-2166323 -521436 26008
-2861346 -650544 46366
-751644 1472553 31310
-1794655 -2555407 4438
-2352244 -1488784 42875
-2790977 1401259 45982
-1912219 242353 32635
-1280406 -1602204 24114
1850708 600528 38161
-1814794 1094579 27842
504191 2488628 50827
493148 1069889 57827
1055091 1645808 1422
1867756 -374737 20739
1546174 256885 31594
-784881 -2180236 12297
-632551 -957658 27565
99738 -2526033 16261
1425617 841904 47398
-617101 -2253331 3199
-1236813 338723 61635
-941190 2329894 64770
2715460 -1829805 10421
1750519 -1996725 62740
1397816 -478870 7536
907831 1990846 5686
-547729 1147751 63483
2694294 2262737 24519
785917 -2281466 44353
-882065 -1298427 64480
-2319316 1626120 69083
1197201 -1647925 25954
-1574900 2540 19744
-90469 -2223620 11286
2807068 2267852 12644
1964590 2633242 68351
-2593259 327413 60168
-213762 2051467 53900
-1595965 629955 44087
-1704057 -269530 67174
-2258517 -2554007 7451
-1668512 741515 60326
2271469 -2313158 47965
2309407 -405375 17664
-436840 2562306 55396
32456 -2351525 11423
1188455 -113622 29194
-2069665 1220812 36924
635971 1903843 14238
154186 1639338 9145
-869008 2745586 34625
-2090571 -2488934 6376
2166327 -2153482 31607
181764 -712220 29173
-213646 1927808 69173
-2506897 370523 66652
2844739 -2482024 21286
-729916 2453130 30438
302821 -130745 22994
2627016 2332099 69709
-916881 1523680 15840
2170193 1674614 41002
1698653 358743 56145
1236544 -2556495 10598
-1249735 -1381345 13397
-54788 -1518005 18807
1216744 -2233608 27616
2391240 -1329752 43055
1425198 2798816 64681
-2531252 2419617 17666
-2427052 -1846174 42177
1788746 -2013878 33232
-1284567 805379 32720
61084 -1175145 38316
517402 -1107204 11333
-2031060 -1235481 24532
1505616 2382099 28012
1583869 1786907 50982
2361303 5147 56146
2570534 -1891046 51599
-1541359 -2581828 2304
-1757044 2452553 59990
2761231 -1117934 46581
-2062064 -902347 9326
-1555739 -2837454 11063
325112 2561003 67027
532213 2468091 4461
-860184 2523997 28520
1718215 -21351 34271
-585148 1606238 63792
-286497 1686919 38631
-489705 -2348265 26891
-1426856 2523257 68698
-2140023 -2592360 19726
-1195516 2859247 31638
1810921 -2813792 23416
-717968 -2065874 30392
-275343 -430704 22835
-2172518 -2093849 34801
76698 2595979 29179
248956 1670577 48329
-1142279 1508124 68754
1208305 -1417309 61364
2205481 -1907671 58353
1720932 1557141 65418
83791 524907 53043
484077 1863437 36585
-1602703 1539307 16902
-2500276 2154578 51237
315322 -1681243 36307
-2334234 -1028472 17346
2739121 1929537 27753
1031058 955676 27334
-2010623 2682115 9416
1841253 1754330 14959
-1308946 129829 3961
-1995930 2856659 34642
1216981 -581168 35873
-118984 297254 41457
894108 1841542 32070
-1187181 1336187 24791
437652 2181675 21018
1347547 2648140 47197
2570755 -732040 52218
-1395460 401930 66991
-1735695 271856 39809
-626280 -2809033 52853
-492634 -1969638 12830
-1919310 -387385 62993
-1414671 -38091 40083
1768252 -2276596 28116
1475719 158847 42245
-1233748 -1873008 10867
1032310 -967556 5665
-400596 -1207313 19915
-2126151 255445 20879
2111143 548808 64384
74340 -408169 24141
1280331 -861977 26912
694148 384226 40320
-1465014 -1862344 34301
1460048 1096543 50420
-239232 1081190 7130
1363460 -2024053 57851
1752161 -993600 42401
-1806948 945329 42344
1283156 -123245 49748
-1845520 1722408 15228
779563 959323 51077
2290924 497217 3079
1551479 1757229 8625
69978 -2546316 24603
1226441 -2675229 772
-28927 -156768 2981
2724313 -1459088 8265
522665 -161605 2783
-1064866 -996858 5718
-1830041 -1872551 5668
884846 1477359 15875
2743177 744868 16505
-1048599 -2393369 60439
-843327 -2295163 65300
2285414 2285397 56125
1140097 -2348215 62248
-461299 -2116400 19250
-55101 -420469 36070
-742648 -2653810 35853
565158 785199 29702
2817761 171983 28593
-2554062 -1219846 680
2282397 2370091 13993
-355112 -2532131 13003
1829165 -54877 24550
-1277924 10456 58996
2179911 -1636048 6800
2028047 2532721 16565
-2530985 -181018 29195
490192 -2233566 14163
-2714615 2797132 48586
242099 1443088 40978
-441705 1237686 11322
-544969 2392278 20855
2427891 -1357311 60534
-1884368 -174932 55810
-1682912 1934518 42999
1943724 748560 45483
-404885 -2299060 41030
303865 2097391 9343
-2592826 508098 45528
2774599 2687915 31749
-2517585 -628313 23770
214670 -2361417 13204
2362467 -1174141 28794
2433099 -457566 19119
-2811823 -1012048 5817
-363793 -568546 17731
617776 -2331029 65423
195128 -2847242 59581
-2689379 2619743 65152
-493773 -1573887 66847
-1761103 -1796656 36721
-1296312 1741071 7818
2262604 -1471169 37022
2623518 971566 21395
-2818760 -385316 45658
-146366 -702876 36193
-1681975 858258 33252
-2290808 -2199028 22885
2682123 -1462453 63634
1286438 -712990 64132
-803387 -2332994 34616
-2438073 741451 35907
-2583135 1378292 39136
-1882009 -164743 39153
1529553 -1477582 42357
403077 1927132 36596
229056 -2883620 8436
-1231911 -2533941 52137
-1292812 469877 852
572190 1334925 10194
2631431 -1921643 57805
-2791821 1834751 17309
1149661 1937710 26617
-1930365 2249275 24447
-1621454 1950074 22449
-2014619 -709696 42533
-519522 2262021 12828
718534 -1524504 37970
312138 399049 46314
-2358605 -1028857 6735
-2578309 1033934 7013
1194275 2137628 16183
1679240 147025 36256
-2304156 2169837 66024
-1450294 369642 46420
1783659 2079086 27605
-225013 2841384 6182
1849627 -743231 45849
-2400226 1764884 23319
994838 -2321989 46208
-1382374 -1132391 52958
808659 -1289655 62952
-2802293 129328 63156
1074253 427919 61329
2860496 -1215040 60761
-2322030 2541019 46963
1719153 2165283 56992
1953216 2551303 14873
-1187479 -800464 34398
-695552 2243368 27052
-41946 -1598461 17767
174527 942712 34288
-559029 735788 52773
38534 2484514 34569
-2526215 2297090 25422
-713036 351959 61505
892634 -1827312 49382
-1041713 652654 27848
-1825417 -114118 18632
-907522 738443 42475
-2655923 -829682 20868
-2059565 -1644857 2936
322742 -2749839 469
511442 -1721559 38914
-2418176 -2581429 4098
-628051 -161451 26967
-1729544 2756123 29926
1761070 -1625718 50729
2395552 -556204 6461
-1042296 -2604491 20554
492848 -1197449 39621
186903 -1520310 44827
-1631771 -765880 64370
249394 -891446 40084
2470923 -1925479 41102
573089 2074528 11796
303192 -2335017 52669
2015959 -2305674 47122
-1196391 -1762457 8424
2579494 318930 29223
-2217750 2369896 58859
-724608 -511286 56685
2799110 -170267 43347
-1852679 1489619 48783
1557176 -580831 6208
-95330 1568443 46988
373372 2278698 9973
-1936960 828786 27811
2248947 546776 8139
-296832 -2475541 41437
2113518 897657 19209
1769985 1341664 15085
687657 1899750 10372
-747121 -2096627 61417
241781 2851422 20801
-1059851 -2740926 22451
-2324053 1124987 3912
-756194 -1330361 23229
2546079 528158 25622
2742413 2728654 69130
-516421 2521315 34308
-2326106 -1837936 19289
-797474 2237470 44082
-2172027 328878 7926
1288735 -2691702 69324
1015475 -2559796 19074
217998 -1648760 67188
1950391 2789954 63471
-936482 -1780529 30372
1969554 -528657 567
1867532 848035 31209
-1282656 1697976 64746
2881697 661053 40797
-2165118 1555995 7624
-264637 -1848248 63708
-2479454 2703011 54739
-1909785 -902471 34232
2879746 -563054 46881
-2788624 798296 3934
2240592 -1785067 9013
-962709 -1868772 38624
507931 -341565 24054
-939804 -1117007 26654
-2372973 -328824 54993
2386660 -1354357 25448
422110 -1651463 16091
480314 -2558068 31326
-1842289 2427553 40146
-2577968 -539585 57245
-175350 1528749 27352
-1477437 1597400 16198
298176 -2148793 55586
1733462 -1685477 63366
-115098 665716 22754
-246376 1756287 40341
382150 -200313 29049
1156852 -515673 30439
-90371 -1972392 34433
169979 2746319 50232
2433016 -688358 69764
-526198 997900 60117
858221 2390869 31008
-1169284 -2193764 30051
-1020011 1015396 37156
1888301 -1320916 700
1889110 48981 36288
-1970586 765490 50051
-350718 -1507596 31783
-1819671 -2327457 29073
416677 -1350343 31616
2297076 2553420 65100
-1928761 1157404 50679
-2024059 1656825 35372
1857250 2391423 57866
335262 2404828 48708
-1374562 -10367 31018
2792120 -1954709 67473
2706734 2877467 4847
747876 -693921 32178
-157273 2462857 56803
-480431 445274 66023
2252205 1127511 27011
-2669649 -1835335 27159
1562247 -856756 44867
992001 654837 60638
447752 2338715 39654
-2108713 394892 54344
-546792 -873177 46078
-1566953 2604389 66265
-1030799 2379546 22919
1169673 1810555 56792
1521742 -1898077 65575
1054169 -1353335 11504
1572282 -1158736 8967
1552318 1924842 43538
-498814 2269430 44354
-621136 488141 53468
2641771 2256679 50925
-2696830 -344806 60330
-2609187 507343 15212
2093580 1702961 33114
-2095283 -377195 17179
-634173 2004599 21359
1531292 611096 22059
733714 1446459 33321
689075 -295780 59852
-420174 -178832 30262
1225350 -1722686 29473
1218355 1343499 15189
755562 -880051 10577
420863 -258273 50189
1867444 1469395 20921
-349451 -1432483 6290
-2104105 2542055 23155
1574147 1662608 9545
1364246 -345137 59773
2832330 -2451413 12325
-1795494 2033601 53192
-77335 431125 44054
1448454 -306953 60327
-1614640 2078137 42763
-2359211 -1856241 43157
937430 69959 45099
-1911465 -1853874 67978
-2552544 689125 60047
188940 2240476 34816
2024075 -1764823 39047
4657 640724 44299
-72628 1531758 20853
-596838 648847 4237
464880 -1130049 33561
-667768 -1732312 60197
2123865 -659219 31055
1846615 -631678 24108
2123885 2870182 42303
1444756 917009 64625
1251899 -38785 56507
-1093228 2584000 68009
2860088 -1747370 36929
256247 1245226 44892
-1951867 -1345431 18989
2767156 44530 62388
2040544 -2269575 54550
-632777 2212093 32936
1796215 -1882101 44584
-65704 -2036161 31554
-88196 957217 24882
-1143434 -721695 45997
-2405705 2021853 68214
-1918597 2857710 65222
2446022 818280 51450
2793095 -583503 51574
1533470 -1290852 30969
839183 -2593832 5916
2039004 827043 61762
-2704101 -1757374 35648
1471652 -2673668 53206
2294975 1022176 43875
2567370 -1322323 53440
-1503966 950108 29478
-460593 1878826 21334
1441304 -373344 26041
53033 1617496 21545
-1195945 567257 60340
1542511 -789939 29604
-2878879 -1548642 45718
500475 -2510786 63107
1775281 -1081522 42400
-2334149 -736674 47039
-1537362 1130433 25465
-1884971 1760564 56147
-2210141 -582601 13271
201107 2343325 11469
2687176 -88173 50991
-2384606 -2573237 32324
2512863 2664956 4427
-2318877 736107 6236
713899 1012191 42535
2057421 122834 60127
2341119 -1677252 32343
-44619 1134325 56829
-109897 -1467883 28632
-766565 123088 15181
460476 -736916 54550
2543574 1657423 64295
2086477 420375 60141
-667512 1119916 20362
1106848 723532 3058
-1653579 2813126 48198
2346275 -2044838 53896
203001 -1348585 46096
33425 2291791 6827
-1384469 -773462 24027
-348313 2018175 31076
1182574 1127381 1775
-2135078 103781 7091
226395 -1203561 60853
-1181268 2296997 57367
1659408 -450391 62122
1441870 2808823 5382
2075255 -2374227 22401
-1852516 470320 10699
744110 -2759306 15529
-2475218 301655 32799
-987046 -1956032 40782
-852974 -2108985 23043
272409 1176753 66040
680919 1910806 39764
717002 858890 47751
-2671575 493554 18655
2346183 -1516142 10171
2878059 899874 28880
-1276378 -1827428 55374
-2488334 1025149 62154
-1762479 -1630775 25743
-2254423 -2596607 8497
1045303 2383581 21526
-510807 -2594228 45592
1280800 2789782 58819
1517945 1080558 39572
-1656460 -2029015 50259
2204544 2400160 65216
-2025012 -1599934 55709
-1470663 94636 33221
-184793 -2473813 13253
-2537655 -57481 67806
-880565 -55608 50698
1241788 -511450 13096
-1416175 -116374 27552
1378055 2254438 20311
-252801 -2554428 47151
-489214 2387710 14901
2444777 -2562026 36329
-105207 -2832449 24459
-821596 -203040 19738
-2771606 2608761 66704
-2602874 1597801 11020
-1978915 -499471 42947
1868438 -2310242 67408
806595 -664008 2376
1402524 -2794220 45186
2720709 2263477 69713
-1399805 545710 3415
325830 2155904 44591
-1457524 -2503038 61637
1915491 2880686 36663
2846994 -1963292 3796
-2699006 -1503122 37320
2879751 2510235 43409
-436375 994478 52092
-2069226 2876143 45996
-2448438 479576 19444
1835952 -1950116 69168
369856 -523154 43354
-1122397 -2297616 38882
94763 -169585 52277
2772836 -701185 45732
472132 -1004263 976
2302444 -1070080 29337
-880308 1003541 11776
1843283 153865 43944
-1972968 -619214 61808
-2085911 1625210 61430
1701468 2494017 2711
1860808 -2305926 31587
305509 -1371475 34678
-2514180 2332565 20425
-1280388 1940328 8185
1008831 176324 2651
-1527038 -2043812 18585
-2750229 -315661 38911
1892 2177068 1146
-492464 -1530918 27891
1029212 2727345 10752
277399 -56729 2051
1281069 -393560 6394
1857957 2603260 9380
-2460658 -680169 66607
199534 -1179355 20567
2520701 -1048285 16409
1521841 2047637 4685
2263376 753983 17749
-1179172 939729 59171
2802065 -2181986 43278
-714116 -1572899 59289
1386857 1469233 18851
2451064 -714369 8908
2502451 -2729241 9935
-589802 475069 55138
1423252 487116 65737
2144176 2116340 20964
-241590 -1434769 51571
-1427800 -2736520 5925
-445960 1461244 47006
1483233 2779842 68662
1310671 145765 69698
326452 2702805 22495
509668 -860666 46958
-1987874 -701242 44574
208519 2678809 32865
1551727 -2780731 1091
199848 472637 49693
1468361 -842185 65448
-2133018 -2497516 7786
-1050904 -499165 317
1178210 -1444565 36802
-373373 -1721307 55830
-2402509 1318945 18683
-625023 1715141 48107
-2198393 -1417314 8584
1226045 -601553 18187
-1060347 625085 38432
-2617096 -995788 45536
-28233 -754323 14161
-161029 2236914 61034
-2631890 -931672 25445
-1384143 -1973086 11684
1779920 1800577 62773
197790 -1218140 38702
-2083735 1293335 29727
-1221805 -1622188 39129
2126187 1782814 41737
-2809815 584841 52571
-1891596 -81109 35561
2084694 748829 58373
477996 -1939160 48195
-372472 -250958 65860
605879 2295084 45702
-1626815 2581800 5037
-1885638 2670392 66785
2017458 -696350 39630
-1153071 773867 65334
-1231344 2257746 62272
2485397 1144293 53058
74917 1446955 20117
-1928779 -2532333 29311
-438592 565401 16072
1623517 667487 29132
-2645953 -857453 46958
-1149413 -518219 30879
-2492058 1137922 54360
-1390287 -89735 11527
2832056 274736 35316
2620130 -94524 61747
-761901 -552663 2363
1204704 153770 66164
1882367 -2147211 29004
-24383 -2264540 42563
-1470209 -1599183 51435
2271086 -1049481 45113
447327 -708984 37870
-1992085 -476971 21066
1351215 -1824821 42129
-298455 408023 68000
1295508 -1486397 62475
125582 275815 12533
576566 76619 54954
-1003309 2509688 43685
-1425073 2193246 53284
1155311 -523809 2405
-1059839 476302 54501
-2087302 2588952 58576
-545155 -2274375 69404
1105549 2169525 17987
-2100152 2621771 4611
752569 1904771 33931
98248 2767174 34578
-1035394 -271290 32499
1631522 -1678783 34578
689915 -2204754 9616
-2085106 815232 47573
1258127 2107943 20443
-1943796 420126 14217
-1464463 477143 26479
2504367 1950484 67158
2183535 -2631538 5794
-2250358 793135 39622
-2118570 -2655277 56796
2582618 -2770195 62898
-321585 -1982579 61700
2125612 1038936 37261
-2217613 767819 69156
2465181 -1555839 16019
-1305596 -609123 52965
1317518 1700337 68326
842867 2389119 39729
-23376 1931196 50303
-1376523 -1287321 65739
370104 2203533 69970
-1800151 -632083 25897
-1292642 -1450144 45771
-1560152 -280719 44085
-2409537 449676 49248
1343118 -2689486 11378
-1684029 -2620625 1505
1311996 727273 4112
-417929 2200664 44948
1602637 710701 59195
-2044863 904552 41050
26002 782117 29248
-1284988 2817278 60047
2337125 -1393309 10376
2103525 1657489 55535
-872304 -857936 69910
1161829 -1318776 30148
254025 146463 36997
135077 -2039055 32627
-1973202 -1413648 46635
-2404131 -274288 35587
1728776 -145322 40277
-1528912 -892349 52002
-2661760 513659 42578
-2715484 941981 38205
557459 1762054 22875
-1489349 220330 5598
-2880626 2122086 51764
1585139 -1756109 6746
474805 -2883315 33967
-1689557 -1518464 66729
-435073 1858229 41178
73545 -2261914 59387
2574004 896977 24552
-451936 -1254786 28912
342420 1759451 42622
-372810 -249059 35646
-814888 402605 38834
327753 -832852 41619
869972 -716880 2904
-864616 -255210 67563
-357331 -913922 34781
1489317 2175858 14695
1018861 -2556179 27259
1381714 2611907 9694
615360 -2536772 4365
2782691 -1701160 16728
-2884355 399361 1937
-965489 -832594 30530
-10755 -14485 22038
-422461 1373789 46284
2883646 -238919 8060
-1215482 -2598946 62308
-1529820 722252 36031
-2744674 1213589 66038
1344557 -1262896 51960
2030135 -820327 67117
1233283 -456809 61520
-1662967 -929691 1036
2145412 -1442556 928
-1979060 -69904 1669
-965427 -1229874 58111
837516 1522840 68775
737333 -2846269 35266
-1331582 69155 22102
-1309813 -2154548 53552
-2112763 1130935 19739
1285123 2030441 49676
-1023220 -387398 42013
-947657 -1314339 55857
-968067 -2008572 35276
372172 747009 54273
1426640 2736965 13762
167474 -1373849 57029
2244718 2492444 42051
1962256 -1567584 66659
1056618 980935 22113
-1311095 -255111 47893
-560248 1702024 59943
-2801877 -514065 37564
848427 616699 27366
958660 -2816416 29570
-1830454 -2532895 8641
-1447284 654858 55724
1600614 1936082 33939
-1227250 1518001 14960
-58504 -1731267 38147
-2263872 -1880679 34905
2647535 -2463737 6874
1050470 -2800982 24832
2389226 1547347 6629
121093 -2043212 58650
-2468186 2063555 1899
2712543 1662297 37622
689340 2240229 66087
-2719780 2187198 67175
1058939 -2505603 20561
-2275900 2145693 66206
258530 169387 22145
-2639015 2677982 10065
-1901624 -472101 33845
774451 1908027 19969
-2606461 2871604 58627
1781163 -2478024 14706
1947980 -629118 47391
-1883184 1557096 3985
2223363 -651285 18273
303227 -523939 58065
-2079262 2307708 33136
1339632 713702 23778
-436722 2305309 26292
1942652 -2550556 28783
494499 -392699 60359
-413586 -2738197 30516
133864 1362675 41254
1770702 337621 30981
-411986 -350334 9669
-488071 982170 27805
-1204234 -1235558 56710
-2622395 -2265123 44607
-2753001 189245 9044
-23387 -2430881 42925
2862904 -1892020 64156
-2104538 2363633 35346
-2523967 710087 62745
364305 -1679098 38704
-2415219 2320149 42145
-2765689 423299 54621
1289279 -1116510 61780
124096 -2275279 53684
1608771 641808 15354
913459 2675659 22805
1854283 2543540 69870
1340630 -2361452 34826
1265341 -879686 58522
2306077 652024 10970
-757290 1597415 62269
26504 2785616 67628
-1536823 1774205 47889
-1355946 -643822 51830
602249 2406486 25804
-2055392 927220 21162
2632145 -1541677 18296
602604 -1011321 24595
-844531 -1190847 43596
2647504 -1835742 8798
-1698871 2233089 14079
2620150 -991633 35415
-309372 656343 34037
-2012398 -2797854 37343
-1359195 -1309306 29823
2042291 -1746651 52479
-2294734 1010623 55385
1751828 -900549 5569
2202117 -2718819 14791
1265482 -2003187 40565
-837521 2285349 34700
923232 -529396 41660
-1593210 182346 21618
-1707877 2645386 49768
-2765859 170628 22014
-1731482 852494 65351
769165 248352 64522
-2121642 1616192 34703
2852024 -2462387 22300
800258 1364775 31708
2577124 1796882 34712
2210264 1505002 64667
-2615015 -254960 17480
547349 -2571677 4459
-2552863 958744 59639
-1127560 974630 52172
-938828 -1519744 24167
-89718 2836910 38137
2535428 2632748 12026
246954 580953 42431
1134421 2195012 44439
2823689 -1172697 51199
2192711 -1053015 10505
-126583 1857059 9305
532998 2568526 58672
-1724858 1158229 38495
2674909 -1558223 41159
-1385140 1109819 55699
1607814 2498518 40910
1299735 -85836 4312
-182232 -2507811 2628
-126597 2552718 26762
704509 1235991 14677
-1316708 2085839 5895
1679148 -759018 13733
996312 140845 20942
-1434242 -2581736 48054
1534059 568768 20724
-1215704 569540 14413
1651916 101986 32794
-341604 -525061 48513
-558140 -1376428 40352
-2003368 179220 57818
-832930 -1576129 6153
105800 -2598222 68494
-1256602 -1978984 32301
-308326 -1476397 41098
-748451 866392 20796
-1009066 -2534801 35700
-1328949 1208687 61952
-406394 -333649 14854
2286339 1720580 62630
-2363280 1682885 36153
7250 -2629242 31329
2372729 -2719308 4560
1592538 -2404696 64297
-2079684 -934469 31091
1483137 2718536 7994
-1303129 -63416 31450
2096699 -445648 18303
69898 1488543 19396
-2371935 1264179 1725
-182395 -373916 254
-994505 -717519 50404
-1509053 -1441620 35388
-1352898 2761885 52433
-1737272 -2270884 42564
-2832806 -1376278 36266
506962 1861841 9237
2768159 -1475022 1940
-1635611 -653946 52484
2380789 -1373893 33296
2473276 -282987 8503
733258 -2714826 60662
1442889 2472154 2419
-1539392 -1055318 40960
-2773313 -2803427 46478
2553079 -745206 43272
672452 267916 18893
-1499831 -1580294 58783
-1868036 -166750 45025
2260909 -1883962 6466
-1901017 -827523 57537
246343 -1426621 5824
2298961 1715574 11782
-984446 2242069 15743
-2094732 2573364 15232
-1345833 2167938 6821
-1785336 -1633973 16669
-842824 1592323 23517
373676 -772537 54522
2305204 1621326 12185
-2368008 -2878235 36338
-1132254 688383 51402
-1891154 -1963070 18306
-1322623 2725975 17476
-2590035 -1374331 2799
-1109538 -2334223 29705
739299 -2174895 11212
-638151 -939848 6385
315687 1149933 19496
-1860584 -45328 29820
495392 756672 31987
127054 1005601 35093
1363944 1254 8152
-857607 2430337 29733
-1563867 2091515 64497
819024 -287843 63955
108040 -423213 58783
-1411362 1664477 56125
-2414329 -31553 33412
1710850 -190214 14567
1991747 -1247062 15253
-1685694 -181505 17340
2306365 -2789463 47662
121554 1348560 10223
2245513 -781941 469
-1769310 -480061 68887
-599839 -2866602 27581
1746404 1200332 64984
2611849 -1922502 40352
958507 1091513 43508
2704890 -2601425 63764
2334736 -2256665 21694
-1953808 467683 50613
-1798919 -2841132 44494
-621161 -1626456 11453
-841309 1398870 12344
-1951505 -101574 56539
423588 -2600246 19255
-780371 2857332 1150
-2231158 -1620406 18555
-1561970 -205827 48347
-1474965 -2618018 22250
-1057302 426099 41320
-645469 -2756433 4472
-1868355 -1892754 19901
1901936 -2389320 61211
-226867 2565768 5600
1210771 2602278 34588
2423474 -2561926 25094
-2543709 -13041 15772
-2414527 -413839 37734
-831611 -2312167 19709
-503141 -1232863 46506
2549800 1777363 33714
-2212387 -2843967 63027
-2151011 1660741 64367
-2287917 2104197 24427
-972883 683608 65191
2433798 -2136102 37821
2718190 2601097 44515
2226217 1534062 29389
491829 2486739 52758
-2769988 -1183329 55446
159084 889301 17090
180864 -2417596 37314
1633615 2595971 15699
1292317 -2697886 16996
-2796304 2720853 19884
2091886 -2536338 39710
1418011 1490101 4188
2188972 -326702 22558
-2779332 -1707711 7528
735157 441614 40704
-726540 -566577 54684
-2790416 2571095 65758
2689086 -2470095 16891
364251 -1735597 9632
1869312 -1835777 3895
1169076 -1345467 63129
-1866377 -1105437 48665
-918599 -1920451 56155
1560956 2414616 43227
-236181 814526 18735
-2197016 1211973 18932
-96240 832648 39201
1376669 -495354 1052
-332546 2099687 912
-1675473 -232960 35005
2241747 -1796543 48899
1076416 -1657134 57591
-1999141 835638 48177
-1154068 -1223169 62088
1075567 -2869353 13892
581468 -615736 17645
716457 2631794 12672
-2077217 -766741 69999
-1108153 -1305686 68131
280882 629666 17008
-442447 2648348 8155
-1567859 2784518 19374
-2772449 2544442 28829
1340684 2503890 66425
1132765 -429878 45496
315865 1147434 61171
-1360093 2000153 7431
2500167 -2271525 41834
-1172402 -2100722 3049
2033431 -476164 25827
1697454 2577732 37133
-216825 -1219855 586
-967064 -2385148 8233
-265746 541110 61007
659264 371098 32699
213413 788596 5912
-705853 612682 48234
-344703 660346 4719
-2853755 -2059529 69425
1278825 -2361211 11884
-1076711 -2823920 42646
-2390272 302856 23944
-555553 -2092346 46585
-898451 -2006437 69342
1971694 -1347947 35585
1301491 -549632 37086
-664179 2448044 5249
417788 1476783 61039
-2395336 -839661 14003
-609929 207558 39765
-1497870 -2474168 54507
2304716 1822774 42951
1737054 611835 3714
2783862 -449760 17800
333929 -1878410 53208
-1357883 -2073240 35214
-385734 1979429 33352
2327781 -280207 68643
1804614 -2860603 52743
-1462228 -1081195 45342
-248823 2091341 3343
312166 -1042352 53652
283022 1008535 34898
1834475 1796753 35513
-118779 -2294808 65618
-1815735 1529799 55295
2074368 -278754 26547
-2772169 100780 58022
-1677070 -1766706 41818
-1885795 2862711 62414
2380137 1735046 32644
11
31 66117
1289 31762
209 27075
360 68909
1170 46958
988 26853
218 542
972 23834
442 13701
1649 67292
310 41617
857 492
976 1412
1643 1046
1347 925
429 608
1229 137
985 1196
353 466
471 281
46 427
1484 357

